year,event_code,event_name,track_slug,race_date,session_directory,car_number,car_metadata,stop_number,in_time,in_driver,out_time,out_driver,pit_time,cumulative_pit_time,source_report,source_page,source_column
2017,25_Road Atlanta,Road Atlanta,road-atlanta,2017-10-07,201710071105_Race,2,Tequila Patron ESM | Nissan DPi P,1,11:16:26.724,B. Hartley,11:17:26.413,B. Hartley,59.689,59.689,20_PitStops_Race.PDF,1,1
2017,25_Road Atlanta,Road Atlanta,road-atlanta,2017-10-07,201710071105_Race,2,Tequila Patron ESM | Nissan DPi P,2,12:05:53.646,B. Hartley,12:06:59.132,R. Dalziel,1:05.486,2:05.175,20_PitStops_Race.PDF,1,1
2017,25_Road Atlanta,Road Atlanta,road-atlanta,2017-10-07,201710071105_Race,2,Tequila Patron ESM | Nissan DPi P,3,13:08:25.514,R. Dalziel,13:09:32.213,R. Dalziel,1:06.699,3:11.874,20_PitStops_Race.PDF,1,1
2017,25_Road Atlanta,Road Atlanta,road-atlanta,2017-10-07,201710071105_Race,2,Tequila Patron ESM | Nissan DPi P,4,13:45:23.740,R. Dalziel,13:46:34.556,S. Sharp,1:10.816,4:22.690,20_PitStops_Race.PDF,1,1
2017,25_Road Atlanta,Road Atlanta,road-atlanta,2017-10-07,201710071105_Race,2,Tequila Patron ESM | Nissan DPi P,5,14:32:24.324,S. Sharp,14:33:32.447,S. Sharp,1:08.123,5:30.813,20_PitStops_Race.PDF,1,1
2017,25_Road Atlanta,Road Atlanta,road-atlanta,2017-10-07,201710071105_Race,2,Tequila Patron ESM | Nissan DPi P,6,15:27:35.007,S. Sharp,15:28:43.200,B. Hartley,1:08.193,6:39.006,20_PitStops_Race.PDF,1,1
2017,25_Road Atlanta,Road Atlanta,road-atlanta,2017-10-07,201710071105_Race,2,Tequila Patron ESM | Nissan DPi P,7,16:22:23.965,B. Hartley,16:23:30.233,B. Hartley,1:06.268,7:45.274,20_PitStops_Race.PDF,1,1
2017,25_Road Atlanta,Road Atlanta,road-atlanta,2017-10-07,201710071105_Race,2,Tequila Patron ESM | Nissan DPi P,8,16:57:17.670,B. Hartley,16:58:14.170,B. Hartley,56.500,8:41.774,20_PitStops_Race.PDF,1,1
2017,25_Road Atlanta,Road Atlanta,road-atlanta,2017-10-07,201710071105_Race,2,Tequila Patron ESM | Nissan DPi P,9,17:48:46.582,B. Hartley,17:49:53.122,R. Dalziel,1:06.540,9:48.314,20_PitStops_Race.PDF,1,1
2017,25_Road Atlanta,Road Atlanta,road-atlanta,2017-10-07,201710071105_Race,2,Tequila Patron ESM | Nissan DPi P,10,18:28:41.118,R. Dalziel,18:29:48.107,R. Dalziel,1:06.989,10:55.303,20_PitStops_Race.PDF,1,1
2017,25_Road Atlanta,Road Atlanta,road-atlanta,2017-10-07,201710071105_Race,2,Tequila Patron ESM | Nissan DPi P,11,19:05:30.078,R. Dalziel,19:06:39.694,R. Dalziel,1:09.616,12:04.919,20_PitStops_Race.PDF,1,1
2017,25_Road Atlanta,Road Atlanta,road-atlanta,2017-10-07,201710071105_Race,2,Tequila Patron ESM | Nissan DPi P,12,19:52:17.181,R. Dalziel,19:53:19.914,B. Hartley,1:02.733,13:07.652,20_PitStops_Race.PDF,1,1
2017,25_Road Atlanta,Road Atlanta,road-atlanta,2017-10-07,201710071105_Race,2,Tequila Patron ESM | Nissan DPi P,13,20:32:06.166,B. Hartley,20:33:07.986,B. Hartley,1:01.820,14:09.472,20_PitStops_Race.PDF,1,1
2017,25_Road Atlanta,Road Atlanta,road-atlanta,2017-10-07,201710071105_Race,3,13 B. Hartley B. Hartley 1:01.820 14:09.472 | Corvette Racing | Chevrolet Corvette C7.R GTLM,1,11:18:39.016,A. Garcia,11:19:28.504,A. Garcia,49.488,49.488,20_PitStops_Race.PDF,1,1
2017,25_Road Atlanta,Road Atlanta,road-atlanta,2017-10-07,201710071105_Race,3,13 B. Hartley B. Hartley 1:01.820 14:09.472 | Corvette Racing | Chevrolet Corvette C7.R GTLM,2,12:29:03.337,A. Garcia,12:30:10.376,A. Garcia,1:07.039,1:56.527,20_PitStops_Race.PDF,1,1
2017,25_Road Atlanta,Road Atlanta,road-atlanta,2017-10-07,201710071105_Race,3,13 B. Hartley B. Hartley 1:01.820 14:09.472 | Corvette Racing | Chevrolet Corvette C7.R GTLM,3,13:47:56.226,A. Garcia,13:49:03.142,J. Magnussen,1:06.916,3:03.443,20_PitStops_Race.PDF,1,1
2017,25_Road Atlanta,Road Atlanta,road-atlanta,2017-10-07,201710071105_Race,3,13 B. Hartley B. Hartley 1:01.820 14:09.472 | Corvette Racing | Chevrolet Corvette C7.R GTLM,4,14:44:02.114,J. Magnussen,14:45:03.375,J. Magnussen,1:01.261,4:04.704,20_PitStops_Race.PDF,1,1
2017,25_Road Atlanta,Road Atlanta,road-atlanta,2017-10-07,201710071105_Race,3,13 B. Hartley B. Hartley 1:01.820 14:09.472 | Corvette Racing | Chevrolet Corvette C7.R GTLM,5,15:36:48.985,J. Magnussen,15:37:52.796,J. Magnussen,1:03.811,5:08.515,20_PitStops_Race.PDF,1,1
2017,25_Road Atlanta,Road Atlanta,road-atlanta,2017-10-07,201710071105_Race,3,13 B. Hartley B. Hartley 1:01.820 14:09.472 | Corvette Racing | Chevrolet Corvette C7.R GTLM,6,16:25:07.978,J. Magnussen,16:26:04.668,M. Rockenfeller,56.690,6:05.205,20_PitStops_Race.PDF,1,1
2017,25_Road Atlanta,Road Atlanta,road-atlanta,2017-10-07,201710071105_Race,3,13 B. Hartley B. Hartley 1:01.820 14:09.472 | Corvette Racing | Chevrolet Corvette C7.R GTLM,7,17:00:20.329,M. Rockenfeller,17:01:11.481,M. Rockenfeller,51.152,6:56.357,20_PitStops_Race.PDF,1,1
2017,25_Road Atlanta,Road Atlanta,road-atlanta,2017-10-07,201710071105_Race,3,13 B. Hartley B. Hartley 1:01.820 14:09.472 | Corvette Racing | Chevrolet Corvette C7.R GTLM,8,18:02:47.056,M. Rockenfeller,18:03:53.904,A. Garcia,1:06.848,8:03.205,20_PitStops_Race.PDF,1,1
2017,25_Road Atlanta,Road Atlanta,road-atlanta,2017-10-07,201710071105_Race,3,13 B. Hartley B. Hartley 1:01.820 14:09.472 | Corvette Racing | Chevrolet Corvette C7.R GTLM,9,18:59:50.728,A. Garcia,19:00:56.751,A. Garcia,1:06.023,9:09.228,20_PitStops_Race.PDF,1,1
2017,25_Road Atlanta,Road Atlanta,road-atlanta,2017-10-07,201710071105_Race,3,13 B. Hartley B. Hartley 1:01.820 14:09.472 | Corvette Racing | Chevrolet Corvette C7.R GTLM,10,19:08:23.085,A. Garcia,19:09:03.347,A. Garcia,40.262,9:49.490,20_PitStops_Race.PDF,1,1
2017,25_Road Atlanta,Road Atlanta,road-atlanta,2017-10-07,201710071105_Race,3,13 B. Hartley B. Hartley 1:01.820 14:09.472 | Corvette Racing | Chevrolet Corvette C7.R GTLM,11,20:13:28.852,A. Garcia,20:14:31.902,A. Garcia,1:03.050,10:52.540,20_PitStops_Race.PDF,1,1
2017,25_Road Atlanta,Road Atlanta,road-atlanta,2017-10-07,201710071105_Race,4,11 A. Garcia A. Garcia 1:03.050 10:52.540 | Corvette Racing | Chevrolet Corvette C7.R GTLM,1,11:17:14.826,T. Milner,11:18:06.318,T. Milner,51.492,51.492,20_PitStops_Race.PDF,1,1
2017,25_Road Atlanta,Road Atlanta,road-atlanta,2017-10-07,201710071105_Race,4,11 A. Garcia A. Garcia 1:03.050 10:52.540 | Corvette Racing | Chevrolet Corvette C7.R GTLM,2,12:29:08.191,T. Milner,12:30:14.912,T. Milner,1:06.721,1:58.213,20_PitStops_Race.PDF,1,1
2017,25_Road Atlanta,Road Atlanta,road-atlanta,2017-10-07,201710071105_Race,4,11 A. Garcia A. Garcia 1:03.050 10:52.540 | Corvette Racing | Chevrolet Corvette C7.R GTLM,3,13:48:03.161,T. Milner,13:49:09.966,O. Gavin,1:06.805,3:05.018,20_PitStops_Race.PDF,1,1
2017,25_Road Atlanta,Road Atlanta,road-atlanta,2017-10-07,201710071105_Race,4,11 A. Garcia A. Garcia 1:03.050 10:52.540 | Corvette Racing | Chevrolet Corvette C7.R GTLM,4,14:30:40.629,O. Gavin,14:31:38.238,O. Gavin,57.609,4:02.627,20_PitStops_Race.PDF,1,1
2017,25_Road Atlanta,Road Atlanta,road-atlanta,2017-10-07,201710071105_Race,4,11 A. Garcia A. Garcia 1:03.050 10:52.540 | Corvette Racing | Chevrolet Corvette C7.R GTLM,5,14:44:13.995,O. Gavin,14:44:59.943,O. Gavin,45.948,4:48.575,20_PitStops_Race.PDF,1,1
2017,25_Road Atlanta,Road Atlanta,road-atlanta,2017-10-07,201710071105_Race,4,11 A. Garcia A. Garcia 1:03.050 10:52.540 | Corvette Racing | Chevrolet Corvette C7.R GTLM,6,15:43:41.109,O. Gavin,15:44:45.563,M. Fassler,1:04.454,5:53.029,20_PitStops_Race.PDF,1,1
2017,25_Road Atlanta,Road Atlanta,road-atlanta,2017-10-07,201710071105_Race,4,11 A. Garcia A. Garcia 1:03.050 10:52.540 | Corvette Racing | Chevrolet Corvette C7.R GTLM,7,16:25:08.610,M. Fassler,16:26:04.567,M. Fassler,55.957,6:48.986,20_PitStops_Race.PDF,1,1
2017,25_Road Atlanta,Road Atlanta,road-atlanta,2017-10-07,201710071105_Race,4,11 A. Garcia A. Garcia 1:03.050 10:52.540 | Corvette Racing | Chevrolet Corvette C7.R GTLM,8,17:00:20.936,M. Fassler,17:01:12.426,M. Fassler,51.490,7:40.476,20_PitStops_Race.PDF,1,1
2017,25_Road Atlanta,Road Atlanta,road-atlanta,2017-10-07,201710071105_Race,4,11 A. Garcia A. Garcia 1:03.050 10:52.540 | Corvette Racing | Chevrolet Corvette C7.R GTLM,9,17:56:16.013,M. Fassler,17:57:20.689,O. Gavin,1:04.676,8:45.152,20_PitStops_Race.PDF,1,1
2017,25_Road Atlanta,Road Atlanta,road-atlanta,2017-10-07,201710071105_Race,4,11 A. Garcia A. Garcia 1:03.050 10:52.540 | Corvette Racing | Chevrolet Corvette C7.R GTLM,10,18:55:08.608,O. Gavin,18:56:16.110,T. Milner,1:07.502,9:52.654,20_PitStops_Race.PDF,1,1
2017,25_Road Atlanta,Road Atlanta,road-atlanta,2017-10-07,201710071105_Race,4,11 A. Garcia A. Garcia 1:03.050 10:52.540 | Corvette Racing | Chevrolet Corvette C7.R GTLM,11,20:12:25.296,T. Milner,20:13:33.255,T. Milner,1:07.959,11:00.613,20_PitStops_Race.PDF,1,1
2017,25_Road Atlanta,Road Atlanta,road-atlanta,2017-10-07,201710071105_Race,5,11 T. Milner T. Milner 1:07.959 11:00.613 | Mustang Sampling Racing | Cadillac DPi P,1,11:16:37.519,C. Fittipaldi,11:17:36.100,C. Fittipaldi,58.581,58.581,20_PitStops_Race.PDF,1,1
2017,25_Road Atlanta,Road Atlanta,road-atlanta,2017-10-07,201710071105_Race,5,11 T. Milner T. Milner 1:07.959 11:00.613 | Mustang Sampling Racing | Cadillac DPi P,2,12:03:52.215,C. Fittipaldi,12:04:59.790,C. Fittipaldi,1:07.575,2:06.156,20_PitStops_Race.PDF,1,1
2017,25_Road Atlanta,Road Atlanta,road-atlanta,2017-10-07,201710071105_Race,5,11 T. Milner T. Milner 1:07.959 11:00.613 | Mustang Sampling Racing | Cadillac DPi P,3,12:26:30.354,C. Fittipaldi,12:27:31.998,J. Barbosa,1:01.644,3:07.800,20_PitStops_Race.PDF,1,1
2017,25_Road Atlanta,Road Atlanta,road-atlanta,2017-10-07,201710071105_Race,5,11 T. Milner T. Milner 1:07.959 11:00.613 | Mustang Sampling Racing | Cadillac DPi P,4,13:22:31.045,J. Barbosa,13:23:35.995,J. Barbosa,1:04.950,4:12.750,20_PitStops_Race.PDF,1,1
2017,25_Road Atlanta,Road Atlanta,road-atlanta,2017-10-07,201710071105_Race,5,11 T. Milner T. Milner 1:07.959 11:00.613 | Mustang Sampling Racing | Cadillac DPi P,5,13:45:31.500,J. Barbosa,13:46:27.533,J. Barbosa,56.033,5:08.783,20_PitStops_Race.PDF,1,1
2017,25_Road Atlanta,Road Atlanta,road-atlanta,2017-10-07,201710071105_Race,5,11 T. Milner T. Milner 1:07.959 11:00.613 | Mustang Sampling Racing | Cadillac DPi P,6,14:31:04.808,J. Barbosa,14:32:10.793,F. Albuquerque,1:05.985,6:14.768,20_PitStops_Race.PDF,1,1
2017,25_Road Atlanta,Road Atlanta,road-atlanta,2017-10-07,201710071105_Race,5,11 T. Milner T. Milner 1:07.959 11:00.613 | Mustang Sampling Racing | Cadillac DPi P,7,15:26:13.405,F. Albuquerque,15:27:19.753,F. Albuquerque,1:06.348,7:21.116,20_PitStops_Race.PDF,1,1
2017,25_Road Atlanta,Road Atlanta,road-atlanta,2017-10-07,201710071105_Race,5,11 T. Milner T. Milner 1:07.959 11:00.613 | Mustang Sampling Racing | Cadillac DPi P,8,16:13:46.790,F. Albuquerque,16:14:52.218,F. Albuquerque,1:05.428,8:26.544,20_PitStops_Race.PDF,1,1
2017,25_Road Atlanta,Road Atlanta,road-atlanta,2017-10-07,201710071105_Race,5,11 T. Milner T. Milner 1:07.959 11:00.613 | Mustang Sampling Racing | Cadillac DPi P,9,16:57:16.990,F. Albuquerque,16:58:24.780,C. Fittipaldi,1:07.790,9:34.334,20_PitStops_Race.PDF,1,1
2017,25_Road Atlanta,Road Atlanta,road-atlanta,2017-10-07,201710071105_Race,5,11 T. Milner T. Milner 1:07.959 11:00.613 | Mustang Sampling Racing | Cadillac DPi P,10,17:45:27.902,C. Fittipaldi,17:46:59.485,C. Fittipaldi,1:31.583,11:05.917,20_PitStops_Race.PDF,1,1
2017,25_Road Atlanta,Road Atlanta,road-atlanta,2017-10-07,201710071105_Race,5,11 T. Milner T. Milner 1:07.959 11:00.613 | Mustang Sampling Racing | Cadillac DPi P,11,18:24:34.394,C. Fittipaldi,18:25:40.690,J. Barbosa,1:06.296,12:12.213,20_PitStops_Race.PDF,1,1
2017,25_Road Atlanta,Road Atlanta,road-atlanta,2017-10-07,201710071105_Race,5,11 T. Milner T. Milner 1:07.959 11:00.613 | Mustang Sampling Racing | Cadillac DPi P,12,19:05:35.074,J. Barbosa,19:06:41.424,J. Barbosa,1:06.350,13:18.563,20_PitStops_Race.PDF,1,1
2017,25_Road Atlanta,Road Atlanta,road-atlanta,2017-10-07,201710071105_Race,5,11 T. Milner T. Milner 1:07.959 11:00.613 | Mustang Sampling Racing | Cadillac DPi P,13,19:53:33.282,J. Barbosa,19:54:34.716,F. Albuquerque,1:01.434,14:19.997,20_PitStops_Race.PDF,1,1
2017,25_Road Atlanta,Road Atlanta,road-atlanta,2017-10-07,201710071105_Race,5,11 T. Milner T. Milner 1:07.959 11:00.613 | Mustang Sampling Racing | Cadillac DPi P,14,20:32:06.760,F. Albuquerque,20:33:06.972,F. Albuquerque,1:00.212,15:20.209,20_PitStops_Race.PDF,1,1
2017,25_Road Atlanta,Road Atlanta,road-atlanta,2017-10-07,201710071105_Race,5,11 T. Milner T. Milner 1:07.959 11:00.613 | Mustang Sampling Racing | Cadillac DPi P,15,20:53:16.579,F. Albuquerque,20:54:49.878,F. Albuquerque,1:33.299,16:53.508,20_PitStops_Race.PDF,1,1
2017,25_Road Atlanta,Road Atlanta,road-atlanta,2017-10-07,201710071105_Race,5,11 T. Milner T. Milner 1:07.959 11:00.613 | Mustang Sampling Racing | Cadillac DPi P,16,20:56:02.930,F. Albuquerque,20:56:35.342,F. Albuquerque,32.412,17:25.920,20_PitStops_Race.PDF,1,2
2017,25_Road Atlanta,Road Atlanta,road-atlanta,2017-10-07,201710071105_Race,6,16 F. Albuquerque F. Albuquerque 32.412 17:25.920 | Team Penske | ORECA LMP2 P,1,11:17:45.099,H. Castroneves,11:18:44.923,H. Castroneves,59.824,59.824,20_PitStops_Race.PDF,1,2
2017,25_Road Atlanta,Road Atlanta,road-atlanta,2017-10-07,201710071105_Race,6,16 F. Albuquerque F. Albuquerque 32.412 17:25.920 | Team Penske | ORECA LMP2 P,2,11:28:10.921,H. Castroneves,11:30:07.437,H. Castroneves,1:56.516,2:56.340,20_PitStops_Race.PDF,1,2
2017,25_Road Atlanta,Road Atlanta,road-atlanta,2017-10-07,201710071105_Race,6,16 F. Albuquerque F. Albuquerque 32.412 17:25.920 | Team Penske | ORECA LMP2 P,3,12:05:36.780,H. Castroneves,12:06:44.477,H. Castroneves,1:07.697,4:04.037,20_PitStops_Race.PDF,1,2
2017,25_Road Atlanta,Road Atlanta,road-atlanta,2017-10-07,201710071105_Race,6,16 F. Albuquerque F. Albuquerque 32.412 17:25.920 | Team Penske | ORECA LMP2 P,4,12:26:40.513,H. Castroneves,12:27:43.170,H. Castroneves,1:02.657,5:06.694,20_PitStops_Race.PDF,1,2
2017,25_Road Atlanta,Road Atlanta,road-atlanta,2017-10-07,201710071105_Race,6,16 F. Albuquerque F. Albuquerque 32.412 17:25.920 | Team Penske | ORECA LMP2 P,5,13:21:15.983,H. Castroneves,13:22:24.096,J. Montoya,1:08.113,6:14.807,20_PitStops_Race.PDF,1,2
2017,25_Road Atlanta,Road Atlanta,road-atlanta,2017-10-07,201710071105_Race,6,16 F. Albuquerque F. Albuquerque 32.412 17:25.920 | Team Penske | ORECA LMP2 P,6,13:51:26.039,J. Montoya,13:52:32.001,J. Montoya,1:05.962,7:20.769,20_PitStops_Race.PDF,1,2
2017,25_Road Atlanta,Road Atlanta,road-atlanta,2017-10-07,201710071105_Race,6,16 F. Albuquerque F. Albuquerque 32.412 17:25.920 | Team Penske | ORECA LMP2 P,7,13:53:45.798,J. Montoya,13:55:01.086,J. Montoya,1:15.288,8:36.057,20_PitStops_Race.PDF,1,2
2017,25_Road Atlanta,Road Atlanta,road-atlanta,2017-10-07,201710071105_Race,6,16 F. Albuquerque F. Albuquerque 32.412 17:25.920 | Team Penske | ORECA LMP2 P,8,14:30:08.110,J. Montoya,14:31:14.990,J. Montoya,1:06.880,9:42.937,20_PitStops_Race.PDF,1,2
2017,25_Road Atlanta,Road Atlanta,road-atlanta,2017-10-07,201710071105_Race,6,16 F. Albuquerque F. Albuquerque 32.412 17:25.920 | Team Penske | ORECA LMP2 P,9,14:41:37.759,J. Montoya,14:42:31.995,J. Montoya,54.236,10:37.173,20_PitStops_Race.PDF,1,2
2017,25_Road Atlanta,Road Atlanta,road-atlanta,2017-10-07,201710071105_Race,6,16 F. Albuquerque F. Albuquerque 32.412 17:25.920 | Team Penske | ORECA LMP2 P,10,15:27:29.824,J. Montoya,15:28:48.833,S. Pagenaud,1:19.009,11:56.182,20_PitStops_Race.PDF,1,2
2017,25_Road Atlanta,Road Atlanta,road-atlanta,2017-10-07,201710071105_Race,6,16 F. Albuquerque F. Albuquerque 32.412 17:25.920 | Team Penske | ORECA LMP2 P,11,15:40:24.433,S. Pagenaud,15:41:26.849,S. Pagenaud,1:02.416,12:58.598,20_PitStops_Race.PDF,1,2
2017,25_Road Atlanta,Road Atlanta,road-atlanta,2017-10-07,201710071105_Race,6,16 F. Albuquerque F. Albuquerque 32.412 17:25.920 | Team Penske | ORECA LMP2 P,12,16:22:10.194,S. Pagenaud,16:23:14.627,S. Pagenaud,1:04.433,14:03.031,20_PitStops_Race.PDF,1,2
2017,25_Road Atlanta,Road Atlanta,road-atlanta,2017-10-07,201710071105_Race,6,16 F. Albuquerque F. Albuquerque 32.412 17:25.920 | Team Penske | ORECA LMP2 P,13,16:57:19.255,S. Pagenaud,16:58:19.613,S. Pagenaud,1:00.358,15:03.389,20_PitStops_Race.PDF,1,2
2017,25_Road Atlanta,Road Atlanta,road-atlanta,2017-10-07,201710071105_Race,6,16 F. Albuquerque F. Albuquerque 32.412 17:25.920 | Team Penske | ORECA LMP2 P,14,17:45:34.182,S. Pagenaud,17:46:43.514,H. Castroneves,1:09.332,16:12.721,20_PitStops_Race.PDF,1,2
2017,25_Road Atlanta,Road Atlanta,road-atlanta,2017-10-07,201710071105_Race,6,16 F. Albuquerque F. Albuquerque 32.412 17:25.920 | Team Penske | ORECA LMP2 P,15,18:22:48.941,H. Castroneves,18:23:56.657,H. Castroneves,1:07.716,17:20.437,20_PitStops_Race.PDF,1,2
2017,25_Road Atlanta,Road Atlanta,road-atlanta,2017-10-07,201710071105_Race,6,16 F. Albuquerque F. Albuquerque 32.412 17:25.920 | Team Penske | ORECA LMP2 P,16,19:05:30.772,H. Castroneves,19:06:55.261,J. Montoya,1:24.489,18:44.926,20_PitStops_Race.PDF,1,2
2017,25_Road Atlanta,Road Atlanta,road-atlanta,2017-10-07,201710071105_Race,6,16 F. Albuquerque F. Albuquerque 32.412 17:25.920 | Team Penske | ORECA LMP2 P,17,19:46:12.682,J. Montoya,19:47:21.201,J. Montoya,1:08.519,19:53.445,20_PitStops_Race.PDF,1,2
2017,25_Road Atlanta,Road Atlanta,road-atlanta,2017-10-07,201710071105_Race,6,16 F. Albuquerque F. Albuquerque 32.412 17:25.920 | Team Penske | ORECA LMP2 P,18,20:23:31.298,J. Montoya,20:24:38.685,J. Montoya,1:07.387,21:00.832,20_PitStops_Race.PDF,1,2
2017,25_Road Atlanta,Road Atlanta,road-atlanta,2017-10-07,201710071105_Race,6,16 F. Albuquerque F. Albuquerque 32.412 17:25.920 | Team Penske | ORECA LMP2 P,19,20:37:42.276,J. Montoya,20:38:28.542,J. Montoya,46.266,21:47.098,20_PitStops_Race.PDF,1,2
2017,25_Road Atlanta,Road Atlanta,road-atlanta,2017-10-07,201710071105_Race,10,19 J. Montoya J. Montoya 46.266 21:47.098 | Konica Minolta Cadillac DPi-V.R | Cadillac DPi P,1,11:16:43.838,R. Taylor,11:17:46.414,R. Taylor,1:02.576,1:02.576,20_PitStops_Race.PDF,1,2
2017,25_Road Atlanta,Road Atlanta,road-atlanta,2017-10-07,201710071105_Race,10,19 J. Montoya J. Montoya 46.266 21:47.098 | Konica Minolta Cadillac DPi-V.R | Cadillac DPi P,2,12:01:21.510,R. Taylor,12:02:24.647,R. Taylor,1:03.137,2:05.713,20_PitStops_Race.PDF,1,2
2017,25_Road Atlanta,Road Atlanta,road-atlanta,2017-10-07,201710071105_Race,10,19 J. Montoya J. Montoya 46.266 21:47.098 | Konica Minolta Cadillac DPi-V.R | Cadillac DPi P,3,12:26:28.293,R. Taylor,12:27:22.162,R. Taylor,53.869,2:59.582,20_PitStops_Race.PDF,1,2
2017,25_Road Atlanta,Road Atlanta,road-atlanta,2017-10-07,201710071105_Race,10,19 J. Montoya J. Montoya 46.266 21:47.098 | Konica Minolta Cadillac DPi-V.R | Cadillac DPi P,4,13:23:34.292,R. Taylor,13:24:42.045,R. Hunter-Reay,1:07.753,4:07.335,20_PitStops_Race.PDF,1,2
2017,25_Road Atlanta,Road Atlanta,road-atlanta,2017-10-07,201710071105_Race,13,4 R. Taylor R. Hunter-Reay 1:07.753 4:07.335 | Rebellion Racing | ORECA LMP2 P,1,11:15:12.729,M. Beche,11:16:18.727,M. Beche,1:05.998,1:05.998,20_PitStops_Race.PDF,1,2
2017,25_Road Atlanta,Road Atlanta,road-atlanta,2017-10-07,201710071105_Race,13,4 R. Taylor R. Hunter-Reay 1:07.753 4:07.335 | Rebellion Racing | ORECA LMP2 P,2,12:01:16.563,M. Beche,12:02:26.051,M. Beche,1:09.488,2:15.486,20_PitStops_Race.PDF,1,2
2017,25_Road Atlanta,Road Atlanta,road-atlanta,2017-10-07,201710071105_Race,13,4 R. Taylor R. Hunter-Reay 1:07.753 4:07.335 | Rebellion Racing | ORECA LMP2 P,3,12:26:29.630,M. Beche,12:27:23.349,M. Beche,53.719,3:09.205,20_PitStops_Race.PDF,1,2
2017,25_Road Atlanta,Road Atlanta,road-atlanta,2017-10-07,201710071105_Race,13,4 R. Taylor R. Hunter-Reay 1:07.753 4:07.335 | Rebellion Racing | ORECA LMP2 P,4,13:19:54.397,M. Beche,13:21:02.958,G. Menezes,1:08.561,4:17.766,20_PitStops_Race.PDF,1,2
2017,25_Road Atlanta,Road Atlanta,road-atlanta,2017-10-07,201710071105_Race,13,4 R. Taylor R. Hunter-Reay 1:07.753 4:07.335 | Rebellion Racing | ORECA LMP2 P,5,13:45:26.717,G. Menezes,13:46:24.301,G. Menezes,57.584,5:15.350,20_PitStops_Race.PDF,1,2
2017,25_Road Atlanta,Road Atlanta,road-atlanta,2017-10-07,201710071105_Race,13,4 R. Taylor R. Hunter-Reay 1:07.753 4:07.335 | Rebellion Racing | ORECA LMP2 P,6,14:31:06.415,G. Menezes,14:32:16.220,G. Menezes,1:09.805,6:25.155,20_PitStops_Race.PDF,1,2
2017,25_Road Atlanta,Road Atlanta,road-atlanta,2017-10-07,201710071105_Race,13,4 R. Taylor R. Hunter-Reay 1:07.753 4:07.335 | Rebellion Racing | ORECA LMP2 P,7,14:41:36.018,G. Menezes,14:42:32.937,G. Menezes,56.919,7:22.074,20_PitStops_Race.PDF,1,2
2017,25_Road Atlanta,Road Atlanta,road-atlanta,2017-10-07,201710071105_Race,13,4 R. Taylor R. Hunter-Reay 1:07.753 4:07.335 | Rebellion Racing | ORECA LMP2 P,8,15:28:41.386,G. Menezes,15:30:05.897,N. Heidfeld,1:24.511,8:46.585,20_PitStops_Race.PDF,1,2
2017,25_Road Atlanta,Road Atlanta,road-atlanta,2017-10-07,201710071105_Race,14,8 G. Menezes N. Heidfeld 1:24.511 8:46.585 | 3GT Racing | Lexus RCF GT3 GTD,1,11:14:37.026,S. Karam,11:15:43.163,S. Karam,1:06.137,1:06.137,20_PitStops_Race.PDF,1,2
2017,25_Road Atlanta,Road Atlanta,road-atlanta,2017-10-07,201710071105_Race,14,8 G. Menezes N. Heidfeld 1:24.511 8:46.585 | 3GT Racing | Lexus RCF GT3 GTD,2,12:17:53.872,S. Karam,12:19:08.230,I. James,1:14.358,2:20.495,20_PitStops_Race.PDF,1,2
2017,25_Road Atlanta,Road Atlanta,road-atlanta,2017-10-07,201710071105_Race,14,8 G. Menezes N. Heidfeld 1:24.511 8:46.585 | 3GT Racing | Lexus RCF GT3 GTD,3,13:33:40.683,I. James,13:34:56.103,I. James,1:15.420,3:35.915,20_PitStops_Race.PDF,1,2
2017,25_Road Atlanta,Road Atlanta,road-atlanta,2017-10-07,201710071105_Race,14,8 G. Menezes N. Heidfeld 1:24.511 8:46.585 | 3GT Racing | Lexus RCF GT3 GTD,4,14:44:21.722,I. James,14:45:37.647,R. Alon,1:15.925,4:51.840,20_PitStops_Race.PDF,1,2
2017,25_Road Atlanta,Road Atlanta,road-atlanta,2017-10-07,201710071105_Race,14,8 G. Menezes N. Heidfeld 1:24.511 8:46.585 | 3GT Racing | Lexus RCF GT3 GTD,5,15:43:44.922,R. Alon,15:44:57.600,R. Alon,1:12.678,6:04.518,20_PitStops_Race.PDF,1,2
2017,25_Road Atlanta,Road Atlanta,road-atlanta,2017-10-07,201710071105_Race,14,8 G. Menezes N. Heidfeld 1:24.511 8:46.585 | 3GT Racing | Lexus RCF GT3 GTD,6,16:25:23.102,R. Alon,16:26:25.457,S. Karam,1:02.355,7:06.873,20_PitStops_Race.PDF,1,2
2017,25_Road Atlanta,Road Atlanta,road-atlanta,2017-10-07,201710071105_Race,14,8 G. Menezes N. Heidfeld 1:24.511 8:46.585 | 3GT Racing | Lexus RCF GT3 GTD,7,17:39:15.945,S. Karam,17:40:31.092,I. James,1:15.147,8:22.020,20_PitStops_Race.PDF,1,2
2017,25_Road Atlanta,Road Atlanta,road-atlanta,2017-10-07,201710071105_Race,14,8 G. Menezes N. Heidfeld 1:24.511 8:46.585 | 3GT Racing | Lexus RCF GT3 GTD,8,18:27:52.710,I. James,18:29:04.927,R. Alon,1:12.217,9:34.237,20_PitStops_Race.PDF,1,2
2017,25_Road Atlanta,Road Atlanta,road-atlanta,2017-10-07,201710071105_Race,14,8 G. Menezes N. Heidfeld 1:24.511 8:46.585 | 3GT Racing | Lexus RCF GT3 GTD,9,18:47:44.274,R. Alon,18:48:51.409,R. Alon,1:07.135,10:41.372,20_PitStops_Race.PDF,1,2
2017,25_Road Atlanta,Road Atlanta,road-atlanta,2017-10-07,201710071105_Race,14,8 G. Menezes N. Heidfeld 1:24.511 8:46.585 | 3GT Racing | Lexus RCF GT3 GTD,10,19:08:14.373,R. Alon,19:09:06.014,R. Alon,51.641,11:33.013,20_PitStops_Race.PDF,1,2
2017,25_Road Atlanta,Road Atlanta,road-atlanta,2017-10-07,201710071105_Race,15,10 R. Alon R. Alon 51.641 11:33.013 | 3GT Racing | Lexus RCF GT3 GTD,1,11:07:08.106,J. Hawksworth,11:07:40.604,J. Hawksworth,32.498,32.498,20_PitStops_Race.PDF,1,2
2017,25_Road Atlanta,Road Atlanta,road-atlanta,2017-10-07,201710071105_Race,15,10 R. Alon R. Alon 51.641 11:33.013 | 3GT Racing | Lexus RCF GT3 GTD,2,11:09:03.178,J. Hawksworth,11:10:05.288,J. Hawksworth,1:02.110,1:34.608,20_PitStops_Race.PDF,1,2
2017,25_Road Atlanta,Road Atlanta,road-atlanta,2017-10-07,201710071105_Race,15,10 R. Alon R. Alon 51.641 11:33.013 | 3GT Racing | Lexus RCF GT3 GTD,3,12:11:00.728,J. Hawksworth,12:12:11.844,J. Hawksworth,1:11.116,2:45.724,20_PitStops_Race.PDF,1,2
2017,25_Road Atlanta,Road Atlanta,road-atlanta,2017-10-07,201710071105_Race,15,10 R. Alon R. Alon 51.641 11:33.013 | 3GT Racing | Lexus RCF GT3 GTD,4,13:19:32.868,J. Hawksworth,13:20:49.397,A. Cindric,1:16.529,4:02.253,20_PitStops_Race.PDF,1,2
2017,25_Road Atlanta,Road Atlanta,road-atlanta,2017-10-07,201710071105_Race,15,10 R. Alon R. Alon 51.641 11:33.013 | 3GT Racing | Lexus RCF GT3 GTD,5,13:48:16.817,A. Cindric,13:49:31.963,A. Cindric,1:15.146,5:17.399,20_PitStops_Race.PDF,1,2
2017,25_Road Atlanta,Road Atlanta,road-atlanta,2017-10-07,201710071105_Race,15,10 R. Alon R. Alon 51.641 11:33.013 | 3GT Racing | Lexus RCF GT3 GTD,6,14:44:22.253,A. Cindric,14:45:35.623,A. Cindric,1:13.370,6:30.769,20_PitStops_Race.PDF,2,1
2017,25_Road Atlanta,Road Atlanta,road-atlanta,2017-10-07,201710071105_Race,15,10 R. Alon R. Alon 51.641 11:33.013 | 3GT Racing | Lexus RCF GT3 GTD,7,15:43:42.365,A. Cindric,15:45:05.859,S. Pruett,1:23.494,7:54.263,20_PitStops_Race.PDF,2,1
2017,25_Road Atlanta,Road Atlanta,road-atlanta,2017-10-07,201710071105_Race,15,10 R. Alon R. Alon 51.641 11:33.013 | 3GT Racing | Lexus RCF GT3 GTD,8,16:52:09.196,S. Pruett,16:53:18.972,S. Pruett,1:09.776,9:04.039,20_PitStops_Race.PDF,2,1
2017,25_Road Atlanta,Road Atlanta,road-atlanta,2017-10-07,201710071105_Race,15,10 R. Alon R. Alon 51.641 11:33.013 | 3GT Racing | Lexus RCF GT3 GTD,9,17:49:14.130,S. Pruett,17:50:24.640,A. Cindric,1:10.510,10:14.549,20_PitStops_Race.PDF,2,1
2017,25_Road Atlanta,Road Atlanta,road-atlanta,2017-10-07,201710071105_Race,15,10 R. Alon R. Alon 51.641 11:33.013 | 3GT Racing | Lexus RCF GT3 GTD,10,18:29:30.384,A. Cindric,18:30:37.324,J. Hawksworth,1:06.940,11:21.489,20_PitStops_Race.PDF,2,1
2017,25_Road Atlanta,Road Atlanta,road-atlanta,2017-10-07,201710071105_Race,15,10 R. Alon R. Alon 51.641 11:33.013 | 3GT Racing | Lexus RCF GT3 GTD,11,19:08:24.327,J. Hawksworth,19:09:37.814,J. Hawksworth,1:13.487,12:34.976,20_PitStops_Race.PDF,2,1
2017,25_Road Atlanta,Road Atlanta,road-atlanta,2017-10-07,201710071105_Race,15,10 R. Alon R. Alon 51.641 11:33.013 | 3GT Racing | Lexus RCF GT3 GTD,12,19:32:33.148,J. Hawksworth,19:41:59.692,J. Hawksworth,9:26.544,22:01.520,20_PitStops_Race.PDF,2,1
2017,25_Road Atlanta,Road Atlanta,road-atlanta,2017-10-07,201710071105_Race,15,10 R. Alon R. Alon 51.641 11:33.013 | 3GT Racing | Lexus RCF GT3 GTD,13,19:46:21.485,J. Hawksworth,19:59:33.664,J. Hawksworth,13:12.179,35:13.699,20_PitStops_Race.PDF,2,1
2017,25_Road Atlanta,Road Atlanta,road-atlanta,2017-10-07,201710071105_Race,15,10 R. Alon R. Alon 51.641 11:33.013 | 3GT Racing | Lexus RCF GT3 GTD,14,20:37:11.560,J. Hawksworth,20:37:53.406,J. Hawksworth,41.846,35:55.545,20_PitStops_Race.PDF,2,1
2017,25_Road Atlanta,Road Atlanta,road-atlanta,2017-10-07,201710071105_Race,16,14 J. Hawksworth J. Hawksworth 41.846 35:55.545 | Change Racing | Lamborghini Huracan GT3 GTD,1,11:14:40.904,J. Mul,11:15:36.802,J. Mul,55.898,55.898,20_PitStops_Race.PDF,2,1
2017,25_Road Atlanta,Road Atlanta,road-atlanta,2017-10-07,201710071105_Race,16,14 J. Hawksworth J. Hawksworth 41.846 35:55.545 | Change Racing | Lamborghini Huracan GT3 GTD,2,12:04:16.950,J. Mul,12:05:22.471,J. Mul,1:05.521,2:01.419,20_PitStops_Race.PDF,2,1
2017,25_Road Atlanta,Road Atlanta,road-atlanta,2017-10-07,201710071105_Race,16,14 J. Hawksworth J. Hawksworth 41.846 35:55.545 | Change Racing | Lamborghini Huracan GT3 GTD,3,13:05:54.621,J. Mul,13:07:02.802,B. Sandberg,1:08.181,3:09.600,20_PitStops_Race.PDF,2,1
2017,25_Road Atlanta,Road Atlanta,road-atlanta,2017-10-07,201710071105_Race,16,14 J. Hawksworth J. Hawksworth 41.846 35:55.545 | Change Racing | Lamborghini Huracan GT3 GTD,4,14:12:51.686,B. Sandberg,14:14:04.327,B. Sandberg,1:12.641,4:22.241,20_PitStops_Race.PDF,2,1
2017,25_Road Atlanta,Road Atlanta,road-atlanta,2017-10-07,201710071105_Race,16,14 J. Hawksworth J. Hawksworth 41.846 35:55.545 | Change Racing | Lamborghini Huracan GT3 GTD,5,15:10:27.287,B. Sandberg,15:11:35.974,C. Lewis,1:08.687,5:30.928,20_PitStops_Race.PDF,2,1
2017,25_Road Atlanta,Road Atlanta,road-atlanta,2017-10-07,201710071105_Race,16,14 J. Hawksworth J. Hawksworth 41.846 35:55.545 | Change Racing | Lamborghini Huracan GT3 GTD,6,16:10:09.670,C. Lewis,16:11:22.814,C. Lewis,1:13.144,6:44.072,20_PitStops_Race.PDF,2,1
2017,25_Road Atlanta,Road Atlanta,road-atlanta,2017-10-07,201710071105_Race,16,14 J. Hawksworth J. Hawksworth 41.846 35:55.545 | Change Racing | Lamborghini Huracan GT3 GTD,7,16:25:24.146,C. Lewis,16:27:58.594,C. Lewis,2:34.448,9:18.520,20_PitStops_Race.PDF,2,1
2017,25_Road Atlanta,Road Atlanta,road-atlanta,2017-10-07,201710071105_Race,16,14 J. Hawksworth J. Hawksworth 41.846 35:55.545 | Change Racing | Lamborghini Huracan GT3 GTD,8,17:26:49.340,C. Lewis,17:28:46.143,J. Mul,1:56.803,11:15.323,20_PitStops_Race.PDF,2,1
2017,25_Road Atlanta,Road Atlanta,road-atlanta,2017-10-07,201710071105_Race,16,14 J. Hawksworth J. Hawksworth 41.846 35:55.545 | Change Racing | Lamborghini Huracan GT3 GTD,9,18:22:52.604,J. Mul,18:24:05.028,J. Mul,1:12.424,12:27.747,20_PitStops_Race.PDF,2,1
2017,25_Road Atlanta,Road Atlanta,road-atlanta,2017-10-07,201710071105_Race,20,9 J. Mul J. Mul 1:12.424 12:27.747 | BAR1 Motorsports | ORECA FLM09 PC,1,11:17:13.836,D. Yount,11:18:35.283,D. Yount,1:21.447,1:21.447,20_PitStops_Race.PDF,2,1
2017,25_Road Atlanta,Road Atlanta,road-atlanta,2017-10-07,201710071105_Race,20,9 J. Mul J. Mul 1:12.424 12:27.747 | BAR1 Motorsports | ORECA FLM09 PC,2,12:16:51.475,D. Yount,12:18:02.325,D. Burkett,1:10.850,2:32.297,20_PitStops_Race.PDF,2,1
2017,25_Road Atlanta,Road Atlanta,road-atlanta,2017-10-07,201710071105_Race,20,9 J. Mul J. Mul 1:12.424 12:27.747 | BAR1 Motorsports | ORECA FLM09 PC,3,13:28:43.933,D. Burkett,13:29:56.906,D. Burkett,1:12.973,3:45.270,20_PitStops_Race.PDF,2,1
2017,25_Road Atlanta,Road Atlanta,road-atlanta,2017-10-07,201710071105_Race,20,9 J. Mul J. Mul 1:12.424 12:27.747 | BAR1 Motorsports | ORECA FLM09 PC,4,14:32:20.004,D. Burkett,14:35:17.287,D. Yount,2:57.283,6:42.553,20_PitStops_Race.PDF,2,1
2017,25_Road Atlanta,Road Atlanta,road-atlanta,2017-10-07,201710071105_Race,20,9 J. Mul J. Mul 1:12.424 12:27.747 | BAR1 Motorsports | ORECA FLM09 PC,5,15:34:16.148,D. Yount,15:35:36.835,B. Rice,1:20.687,8:03.240,20_PitStops_Race.PDF,2,1
2017,25_Road Atlanta,Road Atlanta,road-atlanta,2017-10-07,201710071105_Race,20,9 J. Mul J. Mul 1:12.424 12:27.747 | BAR1 Motorsports | ORECA FLM09 PC,6,16:22:10.970,B. Rice,16:25:32.809,B. Rice,3:21.839,11:25.079,20_PitStops_Race.PDF,2,1
2017,25_Road Atlanta,Road Atlanta,road-atlanta,2017-10-07,201710071105_Race,20,9 J. Mul J. Mul 1:12.424 12:27.747 | BAR1 Motorsports | ORECA FLM09 PC,7,17:02:55.067,B. Rice,17:04:09.535,D. Yount,1:14.468,12:39.547,20_PitStops_Race.PDF,2,1
2017,25_Road Atlanta,Road Atlanta,road-atlanta,2017-10-07,201710071105_Race,20,9 J. Mul J. Mul 1:12.424 12:27.747 | BAR1 Motorsports | ORECA FLM09 PC,8,17:59:18.031,D. Yount,18:00:40.339,D. Burkett,1:22.308,14:01.855,20_PitStops_Race.PDF,2,1
2017,25_Road Atlanta,Road Atlanta,road-atlanta,2017-10-07,201710071105_Race,20,9 J. Mul J. Mul 1:12.424 12:27.747 | BAR1 Motorsports | ORECA FLM09 PC,9,18:37:36.152,D. Burkett,18:45:37.641,D. Burkett,8:01.489,22:03.344,20_PitStops_Race.PDF,2,1
2017,25_Road Atlanta,Road Atlanta,road-atlanta,2017-10-07,201710071105_Race,20,9 J. Mul J. Mul 1:12.424 12:27.747 | BAR1 Motorsports | ORECA FLM09 PC,10,19:33:55.526,D. Burkett,19:35:08.785,B. Rice,1:13.259,23:16.603,20_PitStops_Race.PDF,2,1
2017,25_Road Atlanta,Road Atlanta,road-atlanta,2017-10-07,201710071105_Race,20,9 J. Mul J. Mul 1:12.424 12:27.747 | BAR1 Motorsports | ORECA FLM09 PC,11,20:23:58.040,B. Rice,20:25:13.312,B. Rice,1:15.272,24:31.875,20_PitStops_Race.PDF,2,1
2017,25_Road Atlanta,Road Atlanta,road-atlanta,2017-10-07,201710071105_Race,20,9 J. Mul J. Mul 1:12.424 12:27.747 | BAR1 Motorsports | ORECA FLM09 PC,12,20:53:04.287,B. Rice,20:57:43.991,B. Rice,4:39.704,29:11.579,20_PitStops_Race.PDF,2,1
2017,25_Road Atlanta,Road Atlanta,road-atlanta,2017-10-07,201710071105_Race,22,12 B. Rice B. Rice 4:39.704 29:11.579 | Tequila Patron ESM | Nissan DPi P,1,11:16:22.113,L. Derani,11:17:18.512,L. Derani,56.399,56.399,20_PitStops_Race.PDF,2,1
2017,25_Road Atlanta,Road Atlanta,road-atlanta,2017-10-07,201710071105_Race,22,12 B. Rice B. Rice 4:39.704 29:11.579 | Tequila Patron ESM | Nissan DPi P,2,12:04:37.279,L. Derani,12:05:45.260,B. Senna,1:07.981,2:04.380,20_PitStops_Race.PDF,2,1
2017,25_Road Atlanta,Road Atlanta,road-atlanta,2017-10-07,201710071105_Race,22,12 B. Rice B. Rice 4:39.704 29:11.579 | Tequila Patron ESM | Nissan DPi P,3,13:04:38.219,B. Senna,13:05:42.892,B. Senna,1:04.673,3:09.053,20_PitStops_Race.PDF,2,1
2017,25_Road Atlanta,Road Atlanta,road-atlanta,2017-10-07,201710071105_Race,22,12 B. Rice B. Rice 4:39.704 29:11.579 | Tequila Patron ESM | Nissan DPi P,4,13:45:22.987,B. Senna,13:46:28.709,B. Senna,1:05.722,4:14.775,20_PitStops_Race.PDF,2,1
2017,25_Road Atlanta,Road Atlanta,road-atlanta,2017-10-07,201710071105_Race,22,12 B. Rice B. Rice 4:39.704 29:11.579 | Tequila Patron ESM | Nissan DPi P,5,14:30:49.737,B. Senna,14:31:58.528,J. van Overbeek,1:08.791,5:23.566,20_PitStops_Race.PDF,2,1
2017,25_Road Atlanta,Road Atlanta,road-atlanta,2017-10-07,201710071105_Race,22,12 B. Rice B. Rice 4:39.704 29:11.579 | Tequila Patron ESM | Nissan DPi P,6,15:26:12.872,J. van Overbeek,15:27:19.254,J. van Overbeek,1:06.382,6:29.948,20_PitStops_Race.PDF,2,1
2017,25_Road Atlanta,Road Atlanta,road-atlanta,2017-10-07,201710071105_Race,22,12 B. Rice B. Rice 4:39.704 29:11.579 | Tequila Patron ESM | Nissan DPi P,7,16:15:10.611,J. van Overbeek,16:16:18.368,J. van Overbeek,1:07.757,7:37.705,20_PitStops_Race.PDF,2,1
2017,25_Road Atlanta,Road Atlanta,road-atlanta,2017-10-07,201710071105_Race,22,12 B. Rice B. Rice 4:39.704 29:11.579 | Tequila Patron ESM | Nissan DPi P,8,16:57:18.684,J. van Overbeek,16:58:31.864,B. Senna,1:13.180,8:50.885,20_PitStops_Race.PDF,2,1
2017,25_Road Atlanta,Road Atlanta,road-atlanta,2017-10-07,201710071105_Race,22,12 B. Rice B. Rice 4:39.704 29:11.579 | Tequila Patron ESM | Nissan DPi P,9,17:47:46.909,B. Senna,17:48:53.615,B. Senna,1:06.706,9:57.591,20_PitStops_Race.PDF,2,1
2017,25_Road Atlanta,Road Atlanta,road-atlanta,2017-10-07,201710071105_Race,22,12 B. Rice B. Rice 4:39.704 29:11.579 | Tequila Patron ESM | Nissan DPi P,10,18:30:08.059,B. Senna,18:31:15.300,B. Senna,1:07.241,11:04.832,20_PitStops_Race.PDF,2,1
2017,25_Road Atlanta,Road Atlanta,road-atlanta,2017-10-07,201710071105_Race,22,12 B. Rice B. Rice 4:39.704 29:11.579 | Tequila Patron ESM | Nissan DPi P,11,19:05:31.273,B. Senna,19:06:38.266,L. Derani,1:06.993,12:11.825,20_PitStops_Race.PDF,2,1
2017,25_Road Atlanta,Road Atlanta,road-atlanta,2017-10-07,201710071105_Race,22,12 B. Rice B. Rice 4:39.704 29:11.579 | Tequila Patron ESM | Nissan DPi P,12,19:55:56.783,L. Derani,19:57:00.369,L. Derani,1:03.586,13:15.411,20_PitStops_Race.PDF,2,1
2017,25_Road Atlanta,Road Atlanta,road-atlanta,2017-10-07,201710071105_Race,22,12 B. Rice B. Rice 4:39.704 29:11.579 | Tequila Patron ESM | Nissan DPi P,13,20:32:05.661,L. Derani,20:33:06.568,L. Derani,1:00.907,14:16.318,20_PitStops_Race.PDF,2,1
2017,25_Road Atlanta,Road Atlanta,road-atlanta,2017-10-07,201710071105_Race,22,12 B. Rice B. Rice 4:39.704 29:11.579 | Tequila Patron ESM | Nissan DPi P,14,20:49:26.257,L. Derani,20:49:57.943,L. Derani,31.686,14:48.004,20_PitStops_Race.PDF,2,1
2017,25_Road Atlanta,Road Atlanta,road-atlanta,2017-10-07,201710071105_Race,23,14 L. Derani L. Derani 31.686 14:48.004 | Alex Job Racing | Audi R8 LMS GT3 GTD,1,11:16:19.961,T. Bell,11:17:19.081,T. Bell,59.120,59.120,20_PitStops_Race.PDF,2,1
2017,25_Road Atlanta,Road Atlanta,road-atlanta,2017-10-07,201710071105_Race,23,14 L. Derani L. Derani 31.686 14:48.004 | Alex Job Racing | Audi R8 LMS GT3 GTD,2,12:16:43.234,T. Bell,12:18:01.850,B. Sweedler,1:18.616,2:17.736,20_PitStops_Race.PDF,2,1
2017,25_Road Atlanta,Road Atlanta,road-atlanta,2017-10-07,201710071105_Race,23,14 L. Derani L. Derani 31.686 14:48.004 | Alex Job Racing | Audi R8 LMS GT3 GTD,3,13:27:11.185,B. Sweedler,13:28:29.281,F. Montecalvo,1:18.096,3:35.832,20_PitStops_Race.PDF,2,1
2017,25_Road Atlanta,Road Atlanta,road-atlanta,2017-10-07,201710071105_Race,23,14 L. Derani L. Derani 31.686 14:48.004 | Alex Job Racing | Audi R8 LMS GT3 GTD,4,14:29:29.280,F. Montecalvo,14:30:42.192,B. Sweedler,1:12.912,4:48.744,20_PitStops_Race.PDF,2,1
2017,25_Road Atlanta,Road Atlanta,road-atlanta,2017-10-07,201710071105_Race,23,14 L. Derani L. Derani 31.686 14:48.004 | Alex Job Racing | Audi R8 LMS GT3 GTD,5,15:32:59.831,B. Sweedler,15:34:19.212,T. Bell,1:19.381,6:08.125,20_PitStops_Race.PDF,2,1
2017,25_Road Atlanta,Road Atlanta,road-atlanta,2017-10-07,201710071105_Race,23,14 L. Derani L. Derani 31.686 14:48.004 | Alex Job Racing | Audi R8 LMS GT3 GTD,6,16:25:25.934,T. Bell,16:26:49.528,F. Montecalvo,1:23.594,7:31.719,20_PitStops_Race.PDF,2,1
2017,25_Road Atlanta,Road Atlanta,road-atlanta,2017-10-07,201710071105_Race,23,14 L. Derani L. Derani 31.686 14:48.004 | Alex Job Racing | Audi R8 LMS GT3 GTD,7,17:00:25.844,F. Montecalvo,17:01:25.593,F. Montecalvo,59.749,8:31.468,20_PitStops_Race.PDF,2,2
2017,25_Road Atlanta,Road Atlanta,road-atlanta,2017-10-07,201710071105_Race,23,14 L. Derani L. Derani 31.686 14:48.004 | Alex Job Racing | Audi R8 LMS GT3 GTD,8,18:01:57.607,F. Montecalvo,18:03:09.417,T. Bell,1:11.810,9:43.278,20_PitStops_Race.PDF,2,2
2017,25_Road Atlanta,Road Atlanta,road-atlanta,2017-10-07,201710071105_Race,23,14 L. Derani L. Derani 31.686 14:48.004 | Alex Job Racing | Audi R8 LMS GT3 GTD,9,18:53:16.106,T. Bell,18:54:30.658,F. Montecalvo,1:14.552,10:57.830,20_PitStops_Race.PDF,2,2
2017,25_Road Atlanta,Road Atlanta,road-atlanta,2017-10-07,201710071105_Race,23,14 L. Derani L. Derani 31.686 14:48.004 | Alex Job Racing | Audi R8 LMS GT3 GTD,10,19:08:28.947,F. Montecalvo,19:09:23.667,F. Montecalvo,54.720,11:52.550,20_PitStops_Race.PDF,2,2
2017,25_Road Atlanta,Road Atlanta,road-atlanta,2017-10-07,201710071105_Race,23,14 L. Derani L. Derani 31.686 14:48.004 | Alex Job Racing | Audi R8 LMS GT3 GTD,11,20:15:55.966,F. Montecalvo,20:17:11.824,T. Bell,1:15.858,13:08.408,20_PitStops_Race.PDF,2,2
2017,25_Road Atlanta,Road Atlanta,road-atlanta,2017-10-07,201710071105_Race,24,11 F. Montecalvo T. Bell 1:15.858 13:08.408 | BMW Team RLL | BMW M6 GTLM GTLM,1,11:15:48.589,M. Tomczyk,11:16:42.551,M. Tomczyk,53.962,53.962,20_PitStops_Race.PDF,2,2
2017,25_Road Atlanta,Road Atlanta,road-atlanta,2017-10-07,201710071105_Race,24,11 F. Montecalvo T. Bell 1:15.858 13:08.408 | BMW Team RLL | BMW M6 GTLM GTLM,2,12:04:21.920,M. Tomczyk,12:19:03.065,M. Tomczyk,14:41.145,15:35.107,20_PitStops_Race.PDF,2,2
2017,25_Road Atlanta,Road Atlanta,road-atlanta,2017-10-07,201710071105_Race,24,11 F. Montecalvo T. Bell 1:15.858 13:08.408 | BMW Team RLL | BMW M6 GTLM GTLM,3,13:14:48.349,M. Tomczyk,13:15:53.756,J. Edwards,1:05.407,16:40.514,20_PitStops_Race.PDF,2,2
2017,25_Road Atlanta,Road Atlanta,road-atlanta,2017-10-07,201710071105_Race,24,11 F. Montecalvo T. Bell 1:15.858 13:08.408 | BMW Team RLL | BMW M6 GTLM GTLM,4,14:20:02.659,J. Edwards,14:21:08.977,N. Catsburg,1:06.318,17:46.832,20_PitStops_Race.PDF,2,2
2017,25_Road Atlanta,Road Atlanta,road-atlanta,2017-10-07,201710071105_Race,24,11 F. Montecalvo T. Bell 1:15.858 13:08.408 | BMW Team RLL | BMW M6 GTLM GTLM,5,14:47:29.952,N. Catsburg,14:48:23.164,N. Catsburg,53.212,18:40.044,20_PitStops_Race.PDF,2,2
2017,25_Road Atlanta,Road Atlanta,road-atlanta,2017-10-07,201710071105_Race,24,11 F. Montecalvo T. Bell 1:15.858 13:08.408 | BMW Team RLL | BMW M6 GTLM GTLM,6,15:47:06.763,N. Catsburg,15:48:12.332,M. Tomczyk,1:05.569,19:45.613,20_PitStops_Race.PDF,2,2
2017,25_Road Atlanta,Road Atlanta,road-atlanta,2017-10-07,201710071105_Race,24,11 F. Montecalvo T. Bell 1:15.858 13:08.408 | BMW Team RLL | BMW M6 GTLM GTLM,7,16:28:46.746,M. Tomczyk,16:29:44.268,M. Tomczyk,57.522,20:43.135,20_PitStops_Race.PDF,2,2
2017,25_Road Atlanta,Road Atlanta,road-atlanta,2017-10-07,201710071105_Race,24,11 F. Montecalvo T. Bell 1:15.858 13:08.408 | BMW Team RLL | BMW M6 GTLM GTLM,8,17:04:09.593,M. Tomczyk,17:05:03.597,M. Tomczyk,54.004,21:37.139,20_PitStops_Race.PDF,2,2
2017,25_Road Atlanta,Road Atlanta,road-atlanta,2017-10-07,201710071105_Race,24,11 F. Montecalvo T. Bell 1:15.858 13:08.408 | BMW Team RLL | BMW M6 GTLM GTLM,9,17:49:51.733,M. Tomczyk,17:51:25.656,M. Tomczyk,1:33.923,23:11.062,20_PitStops_Race.PDF,2,2
2017,25_Road Atlanta,Road Atlanta,road-atlanta,2017-10-07,201710071105_Race,24,11 F. Montecalvo T. Bell 1:15.858 13:08.408 | BMW Team RLL | BMW M6 GTLM GTLM,10,17:52:43.163,M. Tomczyk,17:53:44.018,J. Edwards,1:00.855,24:11.917,20_PitStops_Race.PDF,2,2
2017,25_Road Atlanta,Road Atlanta,road-atlanta,2017-10-07,201710071105_Race,24,11 F. Montecalvo T. Bell 1:15.858 13:08.408 | BMW Team RLL | BMW M6 GTLM GTLM,11,18:42:53.276,J. Edwards,18:43:57.273,J. Edwards,1:03.997,25:15.914,20_PitStops_Race.PDF,2,2
2017,25_Road Atlanta,Road Atlanta,road-atlanta,2017-10-07,201710071105_Race,24,11 F. Montecalvo T. Bell 1:15.858 13:08.408 | BMW Team RLL | BMW M6 GTLM GTLM,12,19:50:58.920,J. Edwards,19:52:02.559,N. Catsburg,1:03.639,26:19.553,20_PitStops_Race.PDF,2,2
2017,25_Road Atlanta,Road Atlanta,road-atlanta,2017-10-07,201710071105_Race,25,12 J. Edwards N. Catsburg 1:03.639 26:19.553 | BMW Team RLL | BMW M6 GTLM GTLM,1,11:15:45.413,B. Auberlen,11:16:40.970,B. Auberlen,55.557,55.557,20_PitStops_Race.PDF,2,2
2017,25_Road Atlanta,Road Atlanta,road-atlanta,2017-10-07,201710071105_Race,25,12 J. Edwards N. Catsburg 1:03.639 26:19.553 | BMW Team RLL | BMW M6 GTLM GTLM,2,12:20:16.688,B. Auberlen,12:21:23.112,B. Auberlen,1:06.424,2:01.981,20_PitStops_Race.PDF,2,2
2017,25_Road Atlanta,Road Atlanta,road-atlanta,2017-10-07,201710071105_Race,25,12 J. Edwards N. Catsburg 1:03.639 26:19.553 | BMW Team RLL | BMW M6 GTLM GTLM,3,13:35:48.634,B. Auberlen,13:36:55.005,A. Sims,1:06.371,3:08.352,20_PitStops_Race.PDF,2,2
2017,25_Road Atlanta,Road Atlanta,road-atlanta,2017-10-07,201710071105_Race,25,12 J. Edwards N. Catsburg 1:03.639 26:19.553 | BMW Team RLL | BMW M6 GTLM GTLM,4,14:31:27.767,A. Sims,14:32:29.835,A. Sims,1:02.068,4:10.420,20_PitStops_Race.PDF,2,2
2017,25_Road Atlanta,Road Atlanta,road-atlanta,2017-10-07,201710071105_Race,25,12 J. Edwards N. Catsburg 1:03.639 26:19.553 | BMW Team RLL | BMW M6 GTLM GTLM,5,15:43:33.936,A. Sims,15:44:43.203,K. Wittmer,1:09.267,5:19.687,20_PitStops_Race.PDF,2,2
2017,25_Road Atlanta,Road Atlanta,road-atlanta,2017-10-07,201710071105_Race,25,12 J. Edwards N. Catsburg 1:03.639 26:19.553 | BMW Team RLL | BMW M6 GTLM GTLM,6,16:25:07.471,K. Wittmer,16:26:02.959,K. Wittmer,55.488,6:15.175,20_PitStops_Race.PDF,2,2
2017,25_Road Atlanta,Road Atlanta,road-atlanta,2017-10-07,201710071105_Race,25,12 J. Edwards N. Catsburg 1:03.639 26:19.553 | BMW Team RLL | BMW M6 GTLM GTLM,7,17:00:15.759,K. Wittmer,17:01:15.502,B. Auberlen,59.743,7:14.918,20_PitStops_Race.PDF,2,2
2017,25_Road Atlanta,Road Atlanta,road-atlanta,2017-10-07,201710071105_Race,25,12 J. Edwards N. Catsburg 1:03.639 26:19.553 | BMW Team RLL | BMW M6 GTLM GTLM,8,18:02:48.795,B. Auberlen,18:03:54.077,B. Auberlen,1:05.282,8:20.200,20_PitStops_Race.PDF,2,2
2017,25_Road Atlanta,Road Atlanta,road-atlanta,2017-10-07,201710071105_Race,25,12 J. Edwards N. Catsburg 1:03.639 26:19.553 | BMW Team RLL | BMW M6 GTLM GTLM,9,18:59:44.520,B. Auberlen,19:00:50.474,A. Sims,1:05.954,9:26.154,20_PitStops_Race.PDF,2,2
2017,25_Road Atlanta,Road Atlanta,road-atlanta,2017-10-07,201710071105_Race,25,12 J. Edwards N. Catsburg 1:03.639 26:19.553 | BMW Team RLL | BMW M6 GTLM GTLM,10,20:13:24.342,A. Sims,20:14:29.260,A. Sims,1:04.918,10:31.072,20_PitStops_Race.PDF,2,2
2017,25_Road Atlanta,Road Atlanta,road-atlanta,2017-10-07,201710071105_Race,26,10 A. Sims A. Sims 1:04.918 10:31.072 | BAR1 Motorsports | ORECA FLM09 PC,1,11:19:59.246,G. Grist,11:21:07.790,G. Grist,1:08.544,1:08.544,20_PitStops_Race.PDF,2,2
2017,25_Road Atlanta,Road Atlanta,road-atlanta,2017-10-07,201710071105_Race,26,10 A. Sims A. Sims 1:04.918 10:31.072 | BAR1 Motorsports | ORECA FLM09 PC,2,12:11:55.623,G. Grist,12:13:56.515,T. Drissi,2:00.892,3:09.436,20_PitStops_Race.PDF,2,2
2017,25_Road Atlanta,Road Atlanta,road-atlanta,2017-10-07,201710071105_Race,26,10 A. Sims A. Sims 1:04.918 10:31.072 | BAR1 Motorsports | ORECA FLM09 PC,3,13:21:40.960,T. Drissi,13:22:55.441,T. Drissi,1:14.481,4:23.917,20_PitStops_Race.PDF,2,2
2017,25_Road Atlanta,Road Atlanta,road-atlanta,2017-10-07,201710071105_Race,26,10 A. Sims A. Sims 1:04.918 10:31.072 | BAR1 Motorsports | ORECA FLM09 PC,4,14:21:46.635,T. Drissi,14:23:16.041,J. Falb,1:29.406,5:53.323,20_PitStops_Race.PDF,2,2
2017,25_Road Atlanta,Road Atlanta,road-atlanta,2017-10-07,201710071105_Race,26,10 A. Sims A. Sims 1:04.918 10:31.072 | BAR1 Motorsports | ORECA FLM09 PC,5,15:23:21.923,J. Falb,15:24:26.437,J. Falb,1:04.514,6:57.837,20_PitStops_Race.PDF,2,2
2017,25_Road Atlanta,Road Atlanta,road-atlanta,2017-10-07,201710071105_Race,26,10 A. Sims A. Sims 1:04.918 10:31.072 | BAR1 Motorsports | ORECA FLM09 PC,6,16:22:13.749,J. Falb,16:24:03.527,T. Drissi,1:49.778,8:47.615,20_PitStops_Race.PDF,2,2
2017,25_Road Atlanta,Road Atlanta,road-atlanta,2017-10-07,201710071105_Race,26,10 A. Sims A. Sims 1:04.918 10:31.072 | BAR1 Motorsports | ORECA FLM09 PC,7,16:57:21.614,T. Drissi,16:58:49.464,G. Grist,1:27.850,10:15.465,20_PitStops_Race.PDF,2,2
2017,25_Road Atlanta,Road Atlanta,road-atlanta,2017-10-07,201710071105_Race,26,10 A. Sims A. Sims 1:04.918 10:31.072 | BAR1 Motorsports | ORECA FLM09 PC,8,17:56:55.287,G. Grist,17:58:05.241,G. Grist,1:09.954,11:25.419,20_PitStops_Race.PDF,2,2
2017,25_Road Atlanta,Road Atlanta,road-atlanta,2017-10-07,201710071105_Race,26,10 A. Sims A. Sims 1:04.918 10:31.072 | BAR1 Motorsports | ORECA FLM09 PC,9,18:00:44.084,G. Grist,18:01:16.827,G. Grist,32.743,11:58.162,20_PitStops_Race.PDF,2,2
2017,25_Road Atlanta,Road Atlanta,road-atlanta,2017-10-07,201710071105_Race,26,10 A. Sims A. Sims 1:04.918 10:31.072 | BAR1 Motorsports | ORECA FLM09 PC,10,18:44:24.724,G. Grist,18:46:03.433,G. Grist,1:38.709,13:36.871,20_PitStops_Race.PDF,2,2
2017,25_Road Atlanta,Road Atlanta,road-atlanta,2017-10-07,201710071105_Race,26,10 A. Sims A. Sims 1:04.918 10:31.072 | BAR1 Motorsports | ORECA FLM09 PC,11,19:32:21.412,G. Grist,19:33:56.325,J. Falb,1:34.913,15:11.784,20_PitStops_Race.PDF,2,2
2017,25_Road Atlanta,Road Atlanta,road-atlanta,2017-10-07,201710071105_Race,26,10 A. Sims A. Sims 1:04.918 10:31.072 | BAR1 Motorsports | ORECA FLM09 PC,12,20:23:05.141,J. Falb,20:24:14.509,J. Falb,1:09.368,16:21.152,20_PitStops_Race.PDF,2,2
2017,25_Road Atlanta,Road Atlanta,road-atlanta,2017-10-07,201710071105_Race,28,12 J. Falb J. Falb 1:09.368 16:21.152 | Alegra Motorsports | Porsche 911 GT3 R GTD,1,11:14:44.955,M. Christensen,11:15:51.029,M. de Quesada,1:06.074,1:06.074,20_PitStops_Race.PDF,2,2
2017,25_Road Atlanta,Road Atlanta,road-atlanta,2017-10-07,201710071105_Race,28,12 J. Falb J. Falb 1:09.368 16:21.152 | Alegra Motorsports | Porsche 911 GT3 R GTD,2,11:31:18.590,M. de Quesada,11:32:08.722,M. de Quesada,50.132,1:56.206,20_PitStops_Race.PDF,2,2
2017,25_Road Atlanta,Road Atlanta,road-atlanta,2017-10-07,201710071105_Race,28,12 J. Falb J. Falb 1:09.368 16:21.152 | Alegra Motorsports | Porsche 911 GT3 R GTD,3,12:29:17.658,M. de Quesada,12:30:33.684,D. Morad,1:16.026,3:12.232,20_PitStops_Race.PDF,2,2
2017,25_Road Atlanta,Road Atlanta,road-atlanta,2017-10-07,201710071105_Race,28,12 J. Falb J. Falb 1:09.368 16:21.152 | Alegra Motorsports | Porsche 911 GT3 R GTD,4,13:48:06.494,D. Morad,13:49:24.134,M. Christensen,1:17.640,4:29.872,20_PitStops_Race.PDF,2,2
2017,25_Road Atlanta,Road Atlanta,road-atlanta,2017-10-07,201710071105_Race,28,12 J. Falb J. Falb 1:09.368 16:21.152 | Alegra Motorsports | Porsche 911 GT3 R GTD,5,14:44:17.865,M. Christensen,14:45:30.645,M. de Quesada,1:12.780,5:42.652,20_PitStops_Race.PDF,2,2
2017,25_Road Atlanta,Road Atlanta,road-atlanta,2017-10-07,201710071105_Race,28,12 J. Falb J. Falb 1:09.368 16:21.152 | Alegra Motorsports | Porsche 911 GT3 R GTD,6,15:43:43.176,M. de Quesada,15:44:55.899,D. Morad,1:12.723,6:55.375,20_PitStops_Race.PDF,2,2
2017,25_Road Atlanta,Road Atlanta,road-atlanta,2017-10-07,201710071105_Race,28,12 J. Falb J. Falb 1:09.368 16:21.152 | Alegra Motorsports | Porsche 911 GT3 R GTD,7,16:25:21.330,D. Morad,16:26:23.200,M. Christensen,1:01.870,7:57.245,20_PitStops_Race.PDF,2,2
2017,25_Road Atlanta,Road Atlanta,road-atlanta,2017-10-07,201710071105_Race,28,12 J. Falb J. Falb 1:09.368 16:21.152 | Alegra Motorsports | Porsche 911 GT3 R GTD,8,17:00:11.954,M. Christensen,17:01:11.265,M. Christensen,59.311,8:56.556,20_PitStops_Race.PDF,2,2
2017,25_Road Atlanta,Road Atlanta,road-atlanta,2017-10-07,201710071105_Race,28,12 J. Falb J. Falb 1:09.368 16:21.152 | Alegra Motorsports | Porsche 911 GT3 R GTD,9,17:40:40.161,M. Christensen,17:41:47.508,D. Morad,1:07.347,10:03.903,20_PitStops_Race.PDF,2,2
2017,25_Road Atlanta,Road Atlanta,road-atlanta,2017-10-07,201710071105_Race,28,12 J. Falb J. Falb 1:09.368 16:21.152 | Alegra Motorsports | Porsche 911 GT3 R GTD,10,18:38:24.303,D. Morad,18:39:41.924,M. Christensen,1:17.621,11:21.524,20_PitStops_Race.PDF,2,2
2017,25_Road Atlanta,Road Atlanta,road-atlanta,2017-10-07,201710071105_Race,28,12 J. Falb J. Falb 1:09.368 16:21.152 | Alegra Motorsports | Porsche 911 GT3 R GTD,11,19:08:18.466,M. Christensen,19:09:22.659,D. Morad,1:04.193,12:25.717,20_PitStops_Race.PDF,2,2
2017,25_Road Atlanta,Road Atlanta,road-atlanta,2017-10-07,201710071105_Race,28,12 J. Falb J. Falb 1:09.368 16:21.152 | Alegra Motorsports | Porsche 911 GT3 R GTD,12,20:08:38.012,D. Morad,20:09:47.677,M. Christensen,1:09.665,13:35.382,20_PitStops_Race.PDF,3,1
2017,25_Road Atlanta,Road Atlanta,road-atlanta,2017-10-07,201710071105_Race,29,12 D. Morad M. Christensen 1:09.665 13:35.382 | Montaplast by Land-Motorsport | Audi R8 LMS GT3 GTD,1,11:17:35.775,S. van der Linde,11:18:34.169,S. van der Linde,58.394,58.394,20_PitStops_Race.PDF,3,1
2017,25_Road Atlanta,Road Atlanta,road-atlanta,2017-10-07,201710071105_Race,29,12 D. Morad M. Christensen 1:09.665 13:35.382 | Montaplast by Land-Motorsport | Audi R8 LMS GT3 GTD,2,12:29:11.449,S. van der Linde,12:30:25.600,C. De Phillippi,1:14.151,2:12.545,20_PitStops_Race.PDF,3,1
2017,25_Road Atlanta,Road Atlanta,road-atlanta,2017-10-07,201710071105_Race,29,12 D. Morad M. Christensen 1:09.665 13:35.382 | Montaplast by Land-Motorsport | Audi R8 LMS GT3 GTD,3,13:38:45.498,C. De Phillippi,13:39:27.636,C. De Phillippi,42.138,2:54.683,20_PitStops_Race.PDF,3,1
2017,25_Road Atlanta,Road Atlanta,road-atlanta,2017-10-07,201710071105_Race,29,12 D. Morad M. Christensen 1:09.665 13:35.382 | Montaplast by Land-Motorsport | Audi R8 LMS GT3 GTD,4,13:48:05.865,C. De Phillippi,13:49:22.272,C. De Phillippi,1:16.407,4:11.090,20_PitStops_Race.PDF,3,1
2017,25_Road Atlanta,Road Atlanta,road-atlanta,2017-10-07,201710071105_Race,29,12 D. Morad M. Christensen 1:09.665 13:35.382 | Montaplast by Land-Motorsport | Audi R8 LMS GT3 GTD,5,13:50:59.244,C. De Phillippi,13:51:31.923,C. De Phillippi,32.679,4:43.769,20_PitStops_Race.PDF,3,1
2017,25_Road Atlanta,Road Atlanta,road-atlanta,2017-10-07,201710071105_Race,29,12 D. Morad M. Christensen 1:09.665 13:35.382 | Montaplast by Land-Motorsport | Audi R8 LMS GT3 GTD,6,14:44:17.059,C. De Phillippi,14:45:27.099,C. Mies,1:10.040,5:53.809,20_PitStops_Race.PDF,3,1
2017,25_Road Atlanta,Road Atlanta,road-atlanta,2017-10-07,201710071105_Race,29,12 D. Morad M. Christensen 1:09.665 13:35.382 | Montaplast by Land-Motorsport | Audi R8 LMS GT3 GTD,7,15:43:30.416,C. Mies,15:44:41.780,C. Mies,1:11.364,7:05.173,20_PitStops_Race.PDF,3,1
2017,25_Road Atlanta,Road Atlanta,road-atlanta,2017-10-07,201710071105_Race,29,12 D. Morad M. Christensen 1:09.665 13:35.382 | Montaplast by Land-Motorsport | Audi R8 LMS GT3 GTD,8,16:25:17.723,C. Mies,16:26:17.666,C. Mies,59.943,8:05.116,20_PitStops_Race.PDF,3,1
2017,25_Road Atlanta,Road Atlanta,road-atlanta,2017-10-07,201710071105_Race,29,12 D. Morad M. Christensen 1:09.665 13:35.382 | Montaplast by Land-Motorsport | Audi R8 LMS GT3 GTD,9,17:00:12.285,C. Mies,17:01:29.339,S. van der Linde,1:17.054,9:22.170,20_PitStops_Race.PDF,3,1
2017,25_Road Atlanta,Road Atlanta,road-atlanta,2017-10-07,201710071105_Race,29,12 D. Morad M. Christensen 1:09.665 13:35.382 | Montaplast by Land-Motorsport | Audi R8 LMS GT3 GTD,10,18:03:50.819,S. van der Linde,18:05:05.785,S. van der Linde,1:14.966,10:37.136,20_PitStops_Race.PDF,3,1
2017,25_Road Atlanta,Road Atlanta,road-atlanta,2017-10-07,201710071105_Race,29,12 D. Morad M. Christensen 1:09.665 13:35.382 | Montaplast by Land-Motorsport | Audi R8 LMS GT3 GTD,11,18:59:51.456,S. van der Linde,19:01:06.416,C. De Phillippi,1:14.960,11:52.096,20_PitStops_Race.PDF,3,1
2017,25_Road Atlanta,Road Atlanta,road-atlanta,2017-10-07,201710071105_Race,29,12 D. Morad M. Christensen 1:09.665 13:35.382 | Montaplast by Land-Motorsport | Audi R8 LMS GT3 GTD,12,20:12:08.776,C. De Phillippi,20:13:19.854,C. De Phillippi,1:11.078,13:03.174,20_PitStops_Race.PDF,3,1
2017,25_Road Atlanta,Road Atlanta,road-atlanta,2017-10-07,201710071105_Race,31,12 C. De Phillippi C. De Phillippi 1:11.078 13:03.174 | Whelen Engineering Racing | Cadillac DPi P,1,11:12:26.695,E. Curran,11:13:24.149,E. Curran,57.454,57.454,20_PitStops_Race.PDF,3,1
2017,25_Road Atlanta,Road Atlanta,road-atlanta,2017-10-07,201710071105_Race,31,12 C. De Phillippi C. De Phillippi 1:11.078 13:03.174 | Whelen Engineering Racing | Cadillac DPi P,2,11:58:44.100,E. Curran,11:59:48.389,E. Curran,1:04.289,2:01.743,20_PitStops_Race.PDF,3,1
2017,25_Road Atlanta,Road Atlanta,road-atlanta,2017-10-07,201710071105_Race,31,12 C. De Phillippi C. De Phillippi 1:11.078 13:03.174 | Whelen Engineering Racing | Cadillac DPi P,3,12:26:28.995,E. Curran,12:27:26.213,E. Curran,57.218,2:58.961,20_PitStops_Race.PDF,3,1
2017,25_Road Atlanta,Road Atlanta,road-atlanta,2017-10-07,201710071105_Race,31,12 C. De Phillippi C. De Phillippi 1:11.078 13:03.174 | Whelen Engineering Racing | Cadillac DPi P,4,13:18:30.537,E. Curran,13:19:38.526,M. Conway,1:07.989,4:06.950,20_PitStops_Race.PDF,3,1
2017,25_Road Atlanta,Road Atlanta,road-atlanta,2017-10-07,201710071105_Race,31,12 C. De Phillippi C. De Phillippi 1:11.078 13:03.174 | Whelen Engineering Racing | Cadillac DPi P,5,13:45:24.279,M. Conway,13:46:26.011,M. Conway,1:01.732,5:08.682,20_PitStops_Race.PDF,3,1
2017,25_Road Atlanta,Road Atlanta,road-atlanta,2017-10-07,201710071105_Race,31,12 C. De Phillippi C. De Phillippi 1:11.078 13:03.174 | Whelen Engineering Racing | Cadillac DPi P,6,14:29:39.025,M. Conway,14:30:44.795,M. Conway,1:05.770,6:14.452,20_PitStops_Race.PDF,3,1
2017,25_Road Atlanta,Road Atlanta,road-atlanta,2017-10-07,201710071105_Race,31,12 C. De Phillippi C. De Phillippi 1:11.078 13:03.174 | Whelen Engineering Racing | Cadillac DPi P,7,14:50:36.470,M. Conway,14:51:19.976,M. Conway,43.506,6:57.958,20_PitStops_Race.PDF,3,1
2017,25_Road Atlanta,Road Atlanta,road-atlanta,2017-10-07,201710071105_Race,31,12 C. De Phillippi C. De Phillippi 1:11.078 13:03.174 | Whelen Engineering Racing | Cadillac DPi P,8,15:27:30.301,M. Conway,15:28:33.412,D. Cameron,1:03.111,8:01.069,20_PitStops_Race.PDF,3,1
2017,25_Road Atlanta,Road Atlanta,road-atlanta,2017-10-07,201710071105_Race,31,12 C. De Phillippi C. De Phillippi 1:11.078 13:03.174 | Whelen Engineering Racing | Cadillac DPi P,9,16:13:42.447,D. Cameron,16:14:47.720,D. Cameron,1:05.273,9:06.342,20_PitStops_Race.PDF,3,1
2017,25_Road Atlanta,Road Atlanta,road-atlanta,2017-10-07,201710071105_Race,31,12 C. De Phillippi C. De Phillippi 1:11.078 13:03.174 | Whelen Engineering Racing | Cadillac DPi P,10,16:57:16.518,D. Cameron,16:58:15.542,E. Curran,59.024,10:05.366,20_PitStops_Race.PDF,3,1
2017,25_Road Atlanta,Road Atlanta,road-atlanta,2017-10-07,201710071105_Race,31,12 C. De Phillippi C. De Phillippi 1:11.078 13:03.174 | Whelen Engineering Racing | Cadillac DPi P,11,17:45:24.816,E. Curran,17:46:29.938,E. Curran,1:05.122,11:10.488,20_PitStops_Race.PDF,3,1
2017,25_Road Atlanta,Road Atlanta,road-atlanta,2017-10-07,201710071105_Race,31,12 C. De Phillippi C. De Phillippi 1:11.078 13:03.174 | Whelen Engineering Racing | Cadillac DPi P,12,18:16:42.987,E. Curran,18:17:45.105,M. Conway,1:02.118,12:12.606,20_PitStops_Race.PDF,3,1
2017,25_Road Atlanta,Road Atlanta,road-atlanta,2017-10-07,201710071105_Race,31,12 C. De Phillippi C. De Phillippi 1:11.078 13:03.174 | Whelen Engineering Racing | Cadillac DPi P,13,18:53:54.675,M. Conway,18:54:59.730,M. Conway,1:05.055,13:17.661,20_PitStops_Race.PDF,3,1
2017,25_Road Atlanta,Road Atlanta,road-atlanta,2017-10-07,201710071105_Race,31,12 C. De Phillippi C. De Phillippi 1:11.078 13:03.174 | Whelen Engineering Racing | Cadillac DPi P,14,19:11:30.404,M. Conway,19:12:14.725,M. Conway,44.321,14:01.982,20_PitStops_Race.PDF,3,1
2017,25_Road Atlanta,Road Atlanta,road-atlanta,2017-10-07,201710071105_Race,31,12 C. De Phillippi C. De Phillippi 1:11.078 13:03.174 | Whelen Engineering Racing | Cadillac DPi P,15,19:57:22.590,M. Conway,19:58:26.440,D. Cameron,1:03.850,15:05.832,20_PitStops_Race.PDF,3,1
2017,25_Road Atlanta,Road Atlanta,road-atlanta,2017-10-07,201710071105_Race,31,12 C. De Phillippi C. De Phillippi 1:11.078 13:03.174 | Whelen Engineering Racing | Cadillac DPi P,16,20:32:09.493,D. Cameron,20:33:10.813,D. Cameron,1:01.320,16:07.152,20_PitStops_Race.PDF,3,1
2017,25_Road Atlanta,Road Atlanta,road-atlanta,2017-10-07,201710071105_Race,33,16 D. Cameron D. Cameron 1:01.320 16:07.152 | Riley Motorsports - Team AMG | Mercedes-AMG GT3 GTD,1,11:31:01.640,B. Keating,11:31:53.207,B. Keating,51.567,51.567,20_PitStops_Race.PDF,3,1
2017,25_Road Atlanta,Road Atlanta,road-atlanta,2017-10-07,201710071105_Race,33,16 D. Cameron D. Cameron 1:01.320 16:07.152 | Riley Motorsports - Team AMG | Mercedes-AMG GT3 GTD,2,12:29:25.371,B. Keating,12:30:38.019,M. Farnbacher,1:12.648,2:04.215,20_PitStops_Race.PDF,3,1
2017,25_Road Atlanta,Road Atlanta,road-atlanta,2017-10-07,201710071105_Race,33,16 D. Cameron D. Cameron 1:01.320 16:07.152 | Riley Motorsports - Team AMG | Mercedes-AMG GT3 GTD,3,13:29:24.761,M. Farnbacher,13:30:34.888,J. Bleekemolen,1:10.127,3:14.342,20_PitStops_Race.PDF,3,1
2017,25_Road Atlanta,Road Atlanta,road-atlanta,2017-10-07,201710071105_Race,33,16 D. Cameron D. Cameron 1:01.320 16:07.152 | Riley Motorsports - Team AMG | Mercedes-AMG GT3 GTD,4,14:19:12.139,J. Bleekemolen,14:20:18.415,J. Bleekemolen,1:06.276,4:20.618,20_PitStops_Race.PDF,3,1
2017,25_Road Atlanta,Road Atlanta,road-atlanta,2017-10-07,201710071105_Race,33,16 D. Cameron D. Cameron 1:01.320 16:07.152 | Riley Motorsports - Team AMG | Mercedes-AMG GT3 GTD,5,15:19:10.899,J. Bleekemolen,15:20:20.685,B. Keating,1:09.786,5:30.404,20_PitStops_Race.PDF,3,1
2017,25_Road Atlanta,Road Atlanta,road-atlanta,2017-10-07,201710071105_Race,33,16 D. Cameron D. Cameron 1:01.320 16:07.152 | Riley Motorsports - Team AMG | Mercedes-AMG GT3 GTD,6,16:25:28.386,B. Keating,16:26:41.436,M. Farnbacher,1:13.050,6:43.454,20_PitStops_Race.PDF,3,1
2017,25_Road Atlanta,Road Atlanta,road-atlanta,2017-10-07,201710071105_Race,33,16 D. Cameron D. Cameron 1:01.320 16:07.152 | Riley Motorsports - Team AMG | Mercedes-AMG GT3 GTD,7,16:34:53.453,M. Farnbacher,16:35:25.141,M. Farnbacher,31.688,7:15.142,20_PitStops_Race.PDF,3,1
2017,25_Road Atlanta,Road Atlanta,road-atlanta,2017-10-07,201710071105_Race,33,16 D. Cameron D. Cameron 1:01.320 16:07.152 | Riley Motorsports - Team AMG | Mercedes-AMG GT3 GTD,8,17:00:32.025,M. Farnbacher,17:01:35.020,M. Farnbacher,1:02.995,8:18.137,20_PitStops_Race.PDF,3,1
2017,25_Road Atlanta,Road Atlanta,road-atlanta,2017-10-07,201710071105_Race,33,16 D. Cameron D. Cameron 1:01.320 16:07.152 | Riley Motorsports - Team AMG | Mercedes-AMG GT3 GTD,9,17:03:24.244,M. Farnbacher,17:04:14.041,M. Farnbacher,49.797,9:07.934,20_PitStops_Race.PDF,3,1
2017,25_Road Atlanta,Road Atlanta,road-atlanta,2017-10-07,201710071105_Race,33,16 D. Cameron D. Cameron 1:01.320 16:07.152 | Riley Motorsports - Team AMG | Mercedes-AMG GT3 GTD,10,18:05:35.678,M. Farnbacher,18:06:50.489,J. Bleekemolen,1:14.811,10:22.745,20_PitStops_Race.PDF,3,1
2017,25_Road Atlanta,Road Atlanta,road-atlanta,2017-10-07,201710071105_Race,33,16 D. Cameron D. Cameron 1:01.320 16:07.152 | Riley Motorsports - Team AMG | Mercedes-AMG GT3 GTD,11,19:10:47.986,J. Bleekemolen,19:12:00.287,M. Farnbacher,1:12.301,11:35.046,20_PitStops_Race.PDF,3,1
2017,25_Road Atlanta,Road Atlanta,road-atlanta,2017-10-07,201710071105_Race,33,16 D. Cameron D. Cameron 1:01.320 16:07.152 | Riley Motorsports - Team AMG | Mercedes-AMG GT3 GTD,12,20:11:37.855,M. Farnbacher,20:12:48.399,J. Bleekemolen,1:10.544,12:45.590,20_PitStops_Race.PDF,3,1
2017,25_Road Atlanta,Road Atlanta,road-atlanta,2017-10-07,201710071105_Race,38,12 M. Farnbacher J. Bleekemolen 1:10.544 12:45.590 | Performance Tech Motorsports | ORECA FLM09 PC,1,11:19:59.882,J. French,11:21:01.098,J. French,1:01.216,1:01.216,20_PitStops_Race.PDF,3,1
2017,25_Road Atlanta,Road Atlanta,road-atlanta,2017-10-07,201710071105_Race,38,12 M. Farnbacher J. Bleekemolen 1:10.544 12:45.590 | Performance Tech Motorsports | ORECA FLM09 PC,2,12:10:21.614,J. French,12:11:23.957,J. French,1:02.343,2:03.559,20_PitStops_Race.PDF,3,1
2017,25_Road Atlanta,Road Atlanta,road-atlanta,2017-10-07,201710071105_Race,38,12 M. Farnbacher J. Bleekemolen 1:10.544 12:45.590 | Performance Tech Motorsports | ORECA FLM09 PC,3,13:18:13.308,J. French,13:19:24.301,P. O'Ward,1:10.993,3:14.552,20_PitStops_Race.PDF,3,1
2017,25_Road Atlanta,Road Atlanta,road-atlanta,2017-10-07,201710071105_Race,38,12 M. Farnbacher J. Bleekemolen 1:10.544 12:45.590 | Performance Tech Motorsports | ORECA FLM09 PC,4,14:16:40.631,P. O'Ward,14:17:45.569,P. O'Ward,1:04.938,4:19.490,20_PitStops_Race.PDF,3,1
2017,25_Road Atlanta,Road Atlanta,road-atlanta,2017-10-07,201710071105_Race,38,12 M. Farnbacher J. Bleekemolen 1:10.544 12:45.590 | Performance Tech Motorsports | ORECA FLM09 PC,5,15:16:31.482,P. O'Ward,15:17:49.669,K. Masson,1:18.187,5:37.677,20_PitStops_Race.PDF,3,1
2017,25_Road Atlanta,Road Atlanta,road-atlanta,2017-10-07,201710071105_Race,38,12 M. Farnbacher J. Bleekemolen 1:10.544 12:45.590 | Performance Tech Motorsports | ORECA FLM09 PC,6,16:14:10.613,K. Masson,16:52:12.268,K. Masson,38:01.655,43:39.332,20_PitStops_Race.PDF,3,1
2017,25_Road Atlanta,Road Atlanta,road-atlanta,2017-10-07,201710071105_Race,38,12 M. Farnbacher J. Bleekemolen 1:10.544 12:45.590 | Performance Tech Motorsports | ORECA FLM09 PC,7,16:57:42.143,K. Masson,16:58:26.993,K. Masson,44.850,44:24.182,20_PitStops_Race.PDF,3,1
2017,25_Road Atlanta,Road Atlanta,road-atlanta,2017-10-07,201710071105_Race,38,12 M. Farnbacher J. Bleekemolen 1:10.544 12:45.590 | Performance Tech Motorsports | ORECA FLM09 PC,8,17:54:18.104,K. Masson,17:55:25.688,P. O'Ward,1:07.584,45:31.766,20_PitStops_Race.PDF,3,1
2017,25_Road Atlanta,Road Atlanta,road-atlanta,2017-10-07,201710071105_Race,38,12 M. Farnbacher J. Bleekemolen 1:10.544 12:45.590 | Performance Tech Motorsports | ORECA FLM09 PC,9,18:41:09.141,P. O'Ward,18:42:17.962,P. O'Ward,1:08.821,46:40.587,20_PitStops_Race.PDF,3,1
2017,25_Road Atlanta,Road Atlanta,road-atlanta,2017-10-07,201710071105_Race,38,12 M. Farnbacher J. Bleekemolen 1:10.544 12:45.590 | Performance Tech Motorsports | ORECA FLM09 PC,10,19:47:08.805,P. O'Ward,19:48:22.640,J. French,1:13.835,47:54.422,20_PitStops_Race.PDF,3,2
2017,25_Road Atlanta,Road Atlanta,road-atlanta,2017-10-07,201710071105_Race,38,12 M. Farnbacher J. Bleekemolen 1:10.544 12:45.590 | Performance Tech Motorsports | ORECA FLM09 PC,11,20:37:30.882,J. French,20:38:35.292,J. French,1:04.410,48:58.832,20_PitStops_Race.PDF,3,2
2017,25_Road Atlanta,Road Atlanta,road-atlanta,2017-10-07,201710071105_Race,48,11 J. French J. French 1:04.410 48:58.832 | Paul Miller Racing | Lamborghini Huracan GT3 GTD,1,11:14:50.869,M. Snow,11:15:55.869,M. Snow,1:05.000,1:05.000,20_PitStops_Race.PDF,3,2
2017,25_Road Atlanta,Road Atlanta,road-atlanta,2017-10-07,201710071105_Race,48,11 J. French J. French 1:04.410 48:58.832 | Paul Miller Racing | Lamborghini Huracan GT3 GTD,2,11:31:20.233,M. Snow,11:32:22.041,T. Hindman,1:01.808,2:06.808,20_PitStops_Race.PDF,3,2
2017,25_Road Atlanta,Road Atlanta,road-atlanta,2017-10-07,201710071105_Race,48,11 J. French J. French 1:04.410 48:58.832 | Paul Miller Racing | Lamborghini Huracan GT3 GTD,3,12:29:23.015,T. Hindman,12:30:44.763,T. Hindman,1:21.748,3:28.556,20_PitStops_Race.PDF,3,2
2017,25_Road Atlanta,Road Atlanta,road-atlanta,2017-10-07,201710071105_Race,48,11 J. French J. French 1:04.410 48:58.832 | Paul Miller Racing | Lamborghini Huracan GT3 GTD,4,13:38:05.622,T. Hindman,13:39:22.099,B. Sellers,1:16.477,4:45.033,20_PitStops_Race.PDF,3,2
2017,25_Road Atlanta,Road Atlanta,road-atlanta,2017-10-07,201710071105_Race,48,11 J. French J. French 1:04.410 48:58.832 | Paul Miller Racing | Lamborghini Huracan GT3 GTD,5,14:44:16.324,B. Sellers,14:45:30.537,M. Snow,1:14.213,5:59.246,20_PitStops_Race.PDF,3,2
2017,25_Road Atlanta,Road Atlanta,road-atlanta,2017-10-07,201710071105_Race,48,11 J. French J. French 1:04.410 48:58.832 | Paul Miller Racing | Lamborghini Huracan GT3 GTD,6,15:43:31.031,M. Snow,15:44:42.563,M. Snow,1:11.532,7:10.778,20_PitStops_Race.PDF,3,2
2017,25_Road Atlanta,Road Atlanta,road-atlanta,2017-10-07,201710071105_Race,48,11 J. French J. French 1:04.410 48:58.832 | Paul Miller Racing | Lamborghini Huracan GT3 GTD,7,16:25:17.327,M. Snow,16:26:22.412,M. Snow,1:05.085,8:15.863,20_PitStops_Race.PDF,3,2
2017,25_Road Atlanta,Road Atlanta,road-atlanta,2017-10-07,201710071105_Race,48,11 J. French J. French 1:04.410 48:58.832 | Paul Miller Racing | Lamborghini Huracan GT3 GTD,8,16:36:43.869,M. Snow,16:41:54.238,M. Snow,5:10.369,13:26.232,20_PitStops_Race.PDF,3,2
2017,25_Road Atlanta,Road Atlanta,road-atlanta,2017-10-07,201710071105_Race,48,11 J. French J. French 1:04.410 48:58.832 | Paul Miller Racing | Lamborghini Huracan GT3 GTD,9,17:53:08.637,M. Snow,17:54:25.285,B. Sellers,1:16.648,14:42.880,20_PitStops_Race.PDF,3,2
2017,25_Road Atlanta,Road Atlanta,road-atlanta,2017-10-07,201710071105_Race,48,11 J. French J. French 1:04.410 48:58.832 | Paul Miller Racing | Lamborghini Huracan GT3 GTD,10,18:51:25.410,B. Sellers,18:52:40.253,M. Snow,1:14.843,15:57.723,20_PitStops_Race.PDF,3,2
2017,25_Road Atlanta,Road Atlanta,road-atlanta,2017-10-07,201710071105_Race,48,11 J. French J. French 1:04.410 48:58.832 | Paul Miller Racing | Lamborghini Huracan GT3 GTD,11,19:08:11.644,M. Snow,19:08:59.037,M. Snow,47.393,16:45.116,20_PitStops_Race.PDF,3,2
2017,25_Road Atlanta,Road Atlanta,road-atlanta,2017-10-07,201710071105_Race,48,11 J. French J. French 1:04.410 48:58.832 | Paul Miller Racing | Lamborghini Huracan GT3 GTD,12,19:36:48.827,M. Snow,19:37:51.257,B. Sellers,1:02.430,17:47.546,20_PitStops_Race.PDF,3,2
2017,25_Road Atlanta,Road Atlanta,road-atlanta,2017-10-07,201710071105_Race,48,11 J. French J. French 1:04.410 48:58.832 | Paul Miller Racing | Lamborghini Huracan GT3 GTD,13,20:18:22.845,B. Sellers,20:19:28.697,B. Sellers,1:05.852,18:53.398,20_PitStops_Race.PDF,3,2
2017,25_Road Atlanta,Road Atlanta,road-atlanta,2017-10-07,201710071105_Race,50,13 B. Sellers B. Sellers 1:05.852 18:53.398 | Riley Motorsports - WeatherTech Racing | Porsche 911 GT3 R GTD,1,11:16:38.728,C. MacNeil,11:17:37.684,C. MacNeil,58.956,58.956,20_PitStops_Race.PDF,3,2
2017,25_Road Atlanta,Road Atlanta,road-atlanta,2017-10-07,201710071105_Race,52,1 C. MacNeil C. MacNeil 58.956 58.956 | PR1/Mathiasen Motorsports | Ligier LMP2 P,1,11:15:12.063,O. Pla,11:16:13.907,O. Pla,1:01.844,1:01.844,20_PitStops_Race.PDF,3,2
2017,25_Road Atlanta,Road Atlanta,road-atlanta,2017-10-07,201710071105_Race,52,1 C. MacNeil C. MacNeil 58.956 58.956 | PR1/Mathiasen Motorsports | Ligier LMP2 P,2,12:03:46.690,O. Pla,12:04:56.311,J. Gutierrez,1:09.621,2:11.465,20_PitStops_Race.PDF,3,2
2017,25_Road Atlanta,Road Atlanta,road-atlanta,2017-10-07,201710071105_Race,54,2 O. Pla J. Gutierrez 1:09.621 2:11.465 | CORE autosport | Porsche 911 GT3 R GTD,1,11:13:41.132,J. Bennett,11:14:39.410,J. Bennett,58.278,58.278,20_PitStops_Race.PDF,3,2
2017,25_Road Atlanta,Road Atlanta,road-atlanta,2017-10-07,201710071105_Race,54,2 O. Pla J. Gutierrez 1:09.621 2:11.465 | CORE autosport | Porsche 911 GT3 R GTD,2,12:13:46.197,J. Bennett,12:15:01.719,N. Jonsson,1:15.522,2:13.800,20_PitStops_Race.PDF,3,2
2017,25_Road Atlanta,Road Atlanta,road-atlanta,2017-10-07,201710071105_Race,54,2 O. Pla J. Gutierrez 1:09.621 2:11.465 | CORE autosport | Porsche 911 GT3 R GTD,3,13:31:13.946,N. Jonsson,13:32:34.732,C. Braun,1:20.786,3:34.586,20_PitStops_Race.PDF,3,2
2017,25_Road Atlanta,Road Atlanta,road-atlanta,2017-10-07,201710071105_Race,54,2 O. Pla J. Gutierrez 1:09.621 2:11.465 | CORE autosport | Porsche 911 GT3 R GTD,4,13:53:41.388,C. Braun,13:54:29.375,C. Braun,47.987,4:22.573,20_PitStops_Race.PDF,3,2
2017,25_Road Atlanta,Road Atlanta,road-atlanta,2017-10-07,201710071105_Race,54,2 O. Pla J. Gutierrez 1:09.621 2:11.465 | CORE autosport | Porsche 911 GT3 R GTD,5,14:47:35.371,C. Braun,14:48:48.253,J. Bennett,1:12.882,5:35.455,20_PitStops_Race.PDF,3,2
2017,25_Road Atlanta,Road Atlanta,road-atlanta,2017-10-07,201710071105_Race,54,2 O. Pla J. Gutierrez 1:09.621 2:11.465 | CORE autosport | Porsche 911 GT3 R GTD,6,15:43:53.850,J. Bennett,15:45:14.381,N. Jonsson,1:20.531,6:55.986,20_PitStops_Race.PDF,3,2
2017,25_Road Atlanta,Road Atlanta,road-atlanta,2017-10-07,201710071105_Race,54,2 O. Pla J. Gutierrez 1:09.621 2:11.465 | CORE autosport | Porsche 911 GT3 R GTD,7,16:25:25.481,N. Jonsson,16:26:33.856,N. Jonsson,1:08.375,8:04.361,20_PitStops_Race.PDF,3,2
2017,25_Road Atlanta,Road Atlanta,road-atlanta,2017-10-07,201710071105_Race,54,2 O. Pla J. Gutierrez 1:09.621 2:11.465 | CORE autosport | Porsche 911 GT3 R GTD,8,17:42:17.897,N. Jonsson,17:43:38.795,C. Braun,1:20.898,9:25.259,20_PitStops_Race.PDF,3,2
2017,25_Road Atlanta,Road Atlanta,road-atlanta,2017-10-07,201710071105_Race,54,2 O. Pla J. Gutierrez 1:09.621 2:11.465 | CORE autosport | Porsche 911 GT3 R GTD,9,18:41:58.702,C. Braun,18:43:19.252,N. Jonsson,1:20.550,10:45.809,20_PitStops_Race.PDF,3,2
2017,25_Road Atlanta,Road Atlanta,road-atlanta,2017-10-07,201710071105_Race,54,2 O. Pla J. Gutierrez 1:09.621 2:11.465 | CORE autosport | Porsche 911 GT3 R GTD,10,20:00:30.684,N. Jonsson,20:01:51.509,C. Braun,1:20.825,12:06.634,20_PitStops_Race.PDF,3,2
2017,25_Road Atlanta,Road Atlanta,road-atlanta,2017-10-07,201710071105_Race,57,10 N. Jonsson C. Braun 1:20.825 12:06.634 | Stevenson Motorsports | Audi R8 LMS GT3 GTD,1,11:16:24.002,A. Davis,11:17:17.997,A. Davis,53.995,53.995,20_PitStops_Race.PDF,3,2
2017,25_Road Atlanta,Road Atlanta,road-atlanta,2017-10-07,201710071105_Race,57,10 N. Jonsson C. Braun 1:20.825 12:06.634 | Stevenson Motorsports | Audi R8 LMS GT3 GTD,2,12:29:55.021,A. Davis,12:31:10.320,M. Bell,1:15.299,2:09.294,20_PitStops_Race.PDF,3,2
2017,25_Road Atlanta,Road Atlanta,road-atlanta,2017-10-07,201710071105_Race,57,10 N. Jonsson C. Braun 1:20.825 12:06.634 | Stevenson Motorsports | Audi R8 LMS GT3 GTD,3,13:48:07.624,M. Bell,13:49:21.611,L. Aschenbach,1:13.987,3:23.281,20_PitStops_Race.PDF,3,2
2017,25_Road Atlanta,Road Atlanta,road-atlanta,2017-10-07,201710071105_Race,57,10 N. Jonsson C. Braun 1:20.825 12:06.634 | Stevenson Motorsports | Audi R8 LMS GT3 GTD,4,14:02:28.399,L. Aschenbach,14:09:38.011,L. Aschenbach,7:09.612,10:32.893,20_PitStops_Race.PDF,3,2
2017,25_Road Atlanta,Road Atlanta,road-atlanta,2017-10-07,201710071105_Race,57,10 N. Jonsson C. Braun 1:20.825 12:06.634 | Stevenson Motorsports | Audi R8 LMS GT3 GTD,5,14:44:28.818,L. Aschenbach,14:45:34.099,L. Aschenbach,1:05.281,11:38.174,20_PitStops_Race.PDF,3,2
2017,25_Road Atlanta,Road Atlanta,road-atlanta,2017-10-07,201710071105_Race,57,10 N. Jonsson C. Braun 1:20.825 12:06.634 | Stevenson Motorsports | Audi R8 LMS GT3 GTD,6,15:47:05.620,L. Aschenbach,15:48:16.451,A. Davis,1:10.831,12:49.005,20_PitStops_Race.PDF,3,2
2017,25_Road Atlanta,Road Atlanta,road-atlanta,2017-10-07,201710071105_Race,57,10 N. Jonsson C. Braun 1:20.825 12:06.634 | Stevenson Motorsports | Audi R8 LMS GT3 GTD,7,16:28:13.326,A. Davis,16:29:14.564,A. Davis,1:01.238,13:50.243,20_PitStops_Race.PDF,3,2
2017,25_Road Atlanta,Road Atlanta,road-atlanta,2017-10-07,201710071105_Race,57,10 N. Jonsson C. Braun 1:20.825 12:06.634 | Stevenson Motorsports | Audi R8 LMS GT3 GTD,8,17:02:56.037,A. Davis,17:04:02.817,M. Bell,1:06.780,14:57.023,20_PitStops_Race.PDF,3,2
2017,25_Road Atlanta,Road Atlanta,road-atlanta,2017-10-07,201710071105_Race,62,8 A. Davis M. Bell 1:06.780 14:57.023 | Risi Competizione | Ferrari 488 GTE GTLM,1,11:15:47.975,T. Vilander,11:16:39.160,T. Vilander,51.185,51.185,20_PitStops_Race.PDF,3,2
2017,25_Road Atlanta,Road Atlanta,road-atlanta,2017-10-07,201710071105_Race,62,8 A. Davis M. Bell 1:06.780 14:57.023 | Risi Competizione | Ferrari 488 GTE GTLM,2,12:19:06.177,T. Vilander,12:20:27.751,G. Fisichella,1:21.574,2:12.759,20_PitStops_Race.PDF,3,2
2017,25_Road Atlanta,Road Atlanta,road-atlanta,2017-10-07,201710071105_Race,62,8 A. Davis M. Bell 1:06.780 14:57.023 | Risi Competizione | Ferrari 488 GTE GTLM,3,13:34:50.833,G. Fisichella,13:35:58.003,A. Pier Guidi,1:07.170,3:19.929,20_PitStops_Race.PDF,3,2
2017,25_Road Atlanta,Road Atlanta,road-atlanta,2017-10-07,201710071105_Race,62,8 A. Davis M. Bell 1:06.780 14:57.023 | Risi Competizione | Ferrari 488 GTE GTLM,4,13:51:25.603,A. Pier Guidi,13:52:06.205,A. Pier Guidi,40.602,4:00.531,20_PitStops_Race.PDF,3,2
2017,25_Road Atlanta,Road Atlanta,road-atlanta,2017-10-07,201710071105_Race,62,8 A. Davis M. Bell 1:06.780 14:57.023 | Risi Competizione | Ferrari 488 GTE GTLM,5,14:44:09.849,A. Pier Guidi,14:45:12.051,T. Vilander,1:02.202,5:02.733,20_PitStops_Race.PDF,3,2
2017,25_Road Atlanta,Road Atlanta,road-atlanta,2017-10-07,201710071105_Race,62,8 A. Davis M. Bell 1:06.780 14:57.023 | Risi Competizione | Ferrari 488 GTE GTLM,6,15:43:41.778,T. Vilander,15:44:45.142,G. Fisichella,1:03.364,6:06.097,20_PitStops_Race.PDF,3,2
2017,25_Road Atlanta,Road Atlanta,road-atlanta,2017-10-07,201710071105_Race,62,8 A. Davis M. Bell 1:06.780 14:57.023 | Risi Competizione | Ferrari 488 GTE GTLM,7,16:25:05.691,G. Fisichella,16:26:00.196,G. Fisichella,54.505,7:00.602,20_PitStops_Race.PDF,3,2
2017,25_Road Atlanta,Road Atlanta,road-atlanta,2017-10-07,201710071105_Race,62,8 A. Davis M. Bell 1:06.780 14:57.023 | Risi Competizione | Ferrari 488 GTE GTLM,8,17:00:14.693,G. Fisichella,17:01:06.321,G. Fisichella,51.628,7:52.230,20_PitStops_Race.PDF,3,2
2017,25_Road Atlanta,Road Atlanta,road-atlanta,2017-10-07,201710071105_Race,62,8 A. Davis M. Bell 1:06.780 14:57.023 | Risi Competizione | Ferrari 488 GTE GTLM,9,17:07:17.912,G. Fisichella,17:07:54.220,G. Fisichella,36.308,8:28.538,20_PitStops_Race.PDF,3,2
2017,25_Road Atlanta,Road Atlanta,road-atlanta,2017-10-07,201710071105_Race,62,8 A. Davis M. Bell 1:06.780 14:57.023 | Risi Competizione | Ferrari 488 GTE GTLM,10,18:02:57.897,G. Fisichella,18:04:09.256,A. Pier Guidi,1:11.359,9:39.897,20_PitStops_Race.PDF,4,1
2017,25_Road Atlanta,Road Atlanta,road-atlanta,2017-10-07,201710071105_Race,62,8 A. Davis M. Bell 1:06.780 14:57.023 | Risi Competizione | Ferrari 488 GTE GTLM,11,18:57:18.009,A. Pier Guidi,18:58:24.557,A. Pier Guidi,1:06.548,10:46.445,20_PitStops_Race.PDF,4,1
2017,25_Road Atlanta,Road Atlanta,road-atlanta,2017-10-07,201710071105_Race,62,8 A. Davis M. Bell 1:06.780 14:57.023 | Risi Competizione | Ferrari 488 GTE GTLM,12,19:08:23.820,A. Pier Guidi,19:09:04.441,A. Pier Guidi,40.621,11:27.066,20_PitStops_Race.PDF,4,1
2017,25_Road Atlanta,Road Atlanta,road-atlanta,2017-10-07,201710071105_Race,62,8 A. Davis M. Bell 1:06.780 14:57.023 | Risi Competizione | Ferrari 488 GTE GTLM,13,20:14:53.386,A. Pier Guidi,20:15:59.213,T. Vilander,1:05.827,12:32.893,20_PitStops_Race.PDF,4,1
2017,25_Road Atlanta,Road Atlanta,road-atlanta,2017-10-07,201710071105_Race,63,13 A. Pier Guidi T. Vilander 1:05.827 12:32.893 | Scuderia Corsa | Ferrari 488 GT3 GTD,1,11:16:09.291,M. Cressoni,11:17:02.517,M. Cressoni,53.226,53.226,20_PitStops_Race.PDF,4,1
2017,25_Road Atlanta,Road Atlanta,road-atlanta,2017-10-07,201710071105_Race,63,13 A. Pier Guidi T. Vilander 1:05.827 12:32.893 | Scuderia Corsa | Ferrari 488 GT3 GTD,2,11:25:26.732,M. Cressoni,11:26:45.970,M. Cressoni,1:19.238,2:12.464,20_PitStops_Race.PDF,4,1
2017,25_Road Atlanta,Road Atlanta,road-atlanta,2017-10-07,201710071105_Race,63,13 A. Pier Guidi T. Vilander 1:05.827 12:32.893 | Scuderia Corsa | Ferrari 488 GT3 GTD,3,11:36:10.751,M. Cressoni,11:36:55.511,M. Cressoni,44.760,2:57.224,20_PitStops_Race.PDF,4,1
2017,25_Road Atlanta,Road Atlanta,road-atlanta,2017-10-07,201710071105_Race,63,13 A. Pier Guidi T. Vilander 1:05.827 12:32.893 | Scuderia Corsa | Ferrari 488 GT3 GTD,4,11:38:14.403,M. Cressoni,11:38:46.417,M. Cressoni,32.014,3:29.238,20_PitStops_Race.PDF,4,1
2017,25_Road Atlanta,Road Atlanta,road-atlanta,2017-10-07,201710071105_Race,63,13 A. Pier Guidi T. Vilander 1:05.827 12:32.893 | Scuderia Corsa | Ferrari 488 GT3 GTD,5,12:18:51.008,M. Cressoni,12:20:03.900,M. Cressoni,1:12.892,4:42.130,20_PitStops_Race.PDF,4,1
2017,25_Road Atlanta,Road Atlanta,road-atlanta,2017-10-07,201710071105_Race,63,13 A. Pier Guidi T. Vilander 1:05.827 12:32.893 | Scuderia Corsa | Ferrari 488 GT3 GTD,6,13:34:02.961,M. Cressoni,13:35:15.916,C. Nielsen,1:12.955,5:55.085,20_PitStops_Race.PDF,4,1
2017,25_Road Atlanta,Road Atlanta,road-atlanta,2017-10-07,201710071105_Race,63,13 A. Pier Guidi T. Vilander 1:05.827 12:32.893 | Scuderia Corsa | Ferrari 488 GT3 GTD,7,14:44:19.584,C. Nielsen,14:45:04.974,C. Nielsen,45.390,6:40.475,20_PitStops_Race.PDF,4,1
2017,25_Road Atlanta,Road Atlanta,road-atlanta,2017-10-07,201710071105_Race,63,13 A. Pier Guidi T. Vilander 1:05.827 12:32.893 | Scuderia Corsa | Ferrari 488 GT3 GTD,8,14:46:56.147,C. Nielsen,14:48:20.011,C. Nielsen,1:23.864,8:04.339,20_PitStops_Race.PDF,4,1
2017,25_Road Atlanta,Road Atlanta,road-atlanta,2017-10-07,201710071105_Race,63,13 A. Pier Guidi T. Vilander 1:05.827 12:32.893 | Scuderia Corsa | Ferrari 488 GT3 GTD,9,15:42:30.284,C. Nielsen,16:27:47.892,A. Balzan,45:17.608,53:21.947,20_PitStops_Race.PDF,4,1
2017,25_Road Atlanta,Road Atlanta,road-atlanta,2017-10-07,201710071105_Race,63,13 A. Pier Guidi T. Vilander 1:05.827 12:32.893 | Scuderia Corsa | Ferrari 488 GT3 GTD,10,17:37:45.343,A. Balzan,17:38:58.077,A. Balzan,1:12.734,54:34.681,20_PitStops_Race.PDF,4,1
2017,25_Road Atlanta,Road Atlanta,road-atlanta,2017-10-07,201710071105_Race,63,13 A. Pier Guidi T. Vilander 1:05.827 12:32.893 | Scuderia Corsa | Ferrari 488 GT3 GTD,11,18:31:30.266,A. Balzan,18:32:43.056,M. Cressoni,1:12.790,55:47.471,20_PitStops_Race.PDF,4,1
2017,25_Road Atlanta,Road Atlanta,road-atlanta,2017-10-07,201710071105_Race,63,13 A. Pier Guidi T. Vilander 1:05.827 12:32.893 | Scuderia Corsa | Ferrari 488 GT3 GTD,12,19:38:07.252,M. Cressoni,19:39:15.804,A. Balzan,1:08.552,56:56.023,20_PitStops_Race.PDF,4,1
2017,25_Road Atlanta,Road Atlanta,road-atlanta,2017-10-07,201710071105_Race,63,13 A. Pier Guidi T. Vilander 1:05.827 12:32.893 | Scuderia Corsa | Ferrari 488 GT3 GTD,13,20:16:41.178,A. Balzan,20:17:44.656,A. Balzan,1:03.478,57:59.501,20_PitStops_Race.PDF,4,1
2017,25_Road Atlanta,Road Atlanta,road-atlanta,2017-10-07,201710071105_Race,66,13 A. Balzan A. Balzan 1:03.478 57:59.501 | Ford Chip Ganassi Racing | Ford GT GTLM,1,11:17:14.199,J. Hand,11:18:08.675,J. Hand,54.476,54.476,20_PitStops_Race.PDF,4,1
2017,25_Road Atlanta,Road Atlanta,road-atlanta,2017-10-07,201710071105_Race,66,13 A. Balzan A. Balzan 1:03.478 57:59.501 | Ford Chip Ganassi Racing | Ford GT GTLM,2,12:29:08.923,J. Hand,12:30:16.106,J. Hand,1:07.183,2:01.659,20_PitStops_Race.PDF,4,1
2017,25_Road Atlanta,Road Atlanta,road-atlanta,2017-10-07,201710071105_Race,66,13 A. Balzan A. Balzan 1:03.478 57:59.501 | Ford Chip Ganassi Racing | Ford GT GTLM,3,13:47:56.992,J. Hand,13:49:04.462,D. Mueller,1:07.470,3:09.129,20_PitStops_Race.PDF,4,1
2017,25_Road Atlanta,Road Atlanta,road-atlanta,2017-10-07,201710071105_Race,66,13 A. Balzan A. Balzan 1:03.478 57:59.501 | Ford Chip Ganassi Racing | Ford GT GTLM,4,14:44:02.689,D. Mueller,14:45:03.892,D. Mueller,1:01.203,4:10.332,20_PitStops_Race.PDF,4,1
2017,25_Road Atlanta,Road Atlanta,road-atlanta,2017-10-07,201710071105_Race,66,13 A. Balzan A. Balzan 1:03.478 57:59.501 | Ford Chip Ganassi Racing | Ford GT GTLM,5,15:36:50.215,D. Mueller,15:38:07.018,S. Bourdais,1:16.803,5:27.135,20_PitStops_Race.PDF,4,1
2017,25_Road Atlanta,Road Atlanta,road-atlanta,2017-10-07,201710071105_Race,66,13 A. Balzan A. Balzan 1:03.478 57:59.501 | Ford Chip Ganassi Racing | Ford GT GTLM,6,16:25:10.296,S. Bourdais,16:26:06.245,S. Bourdais,55.949,6:23.084,20_PitStops_Race.PDF,4,1
2017,25_Road Atlanta,Road Atlanta,road-atlanta,2017-10-07,201710071105_Race,66,13 A. Balzan A. Balzan 1:03.478 57:59.501 | Ford Chip Ganassi Racing | Ford GT GTLM,7,17:00:21.435,S. Bourdais,17:01:14.750,J. Hand,53.315,7:16.399,20_PitStops_Race.PDF,4,1
2017,25_Road Atlanta,Road Atlanta,road-atlanta,2017-10-07,201710071105_Race,66,13 A. Balzan A. Balzan 1:03.478 57:59.501 | Ford Chip Ganassi Racing | Ford GT GTLM,8,18:04:09.534,J. Hand,18:05:15.712,J. Hand,1:06.178,8:22.577,20_PitStops_Race.PDF,4,1
2017,25_Road Atlanta,Road Atlanta,road-atlanta,2017-10-07,201710071105_Race,66,13 A. Balzan A. Balzan 1:03.478 57:59.501 | Ford Chip Ganassi Racing | Ford GT GTLM,9,19:08:12.486,J. Hand,19:09:19.883,D. Mueller,1:07.397,9:29.974,20_PitStops_Race.PDF,4,1
2017,25_Road Atlanta,Road Atlanta,road-atlanta,2017-10-07,201710071105_Race,66,13 A. Balzan A. Balzan 1:03.478 57:59.501 | Ford Chip Ganassi Racing | Ford GT GTLM,10,20:11:02.082,D. Mueller,20:12:05.358,D. Mueller,1:03.276,10:33.250,20_PitStops_Race.PDF,4,1
2017,25_Road Atlanta,Road Atlanta,road-atlanta,2017-10-07,201710071105_Race,67,10 D. Mueller D. Mueller 1:03.276 10:33.250 | Ford Chip Ganassi Racing | Ford GT GTLM,1,11:17:27.083,R. Westbrook,11:18:22.240,R. Westbrook,55.157,55.157,20_PitStops_Race.PDF,4,1
2017,25_Road Atlanta,Road Atlanta,road-atlanta,2017-10-07,201710071105_Race,67,10 D. Mueller D. Mueller 1:03.276 10:33.250 | Ford Chip Ganassi Racing | Ford GT GTLM,2,12:29:10.479,R. Westbrook,12:30:19.748,R. Westbrook,1:09.269,2:04.426,20_PitStops_Race.PDF,4,1
2017,25_Road Atlanta,Road Atlanta,road-atlanta,2017-10-07,201710071105_Race,67,10 D. Mueller D. Mueller 1:03.276 10:33.250 | Ford Chip Ganassi Racing | Ford GT GTLM,3,13:47:57.514,R. Westbrook,13:49:05.977,R. Briscoe,1:08.463,3:12.889,20_PitStops_Race.PDF,4,1
2017,25_Road Atlanta,Road Atlanta,road-atlanta,2017-10-07,201710071105_Race,67,10 D. Mueller D. Mueller 1:03.276 10:33.250 | Ford Chip Ganassi Racing | Ford GT GTLM,4,14:44:03.568,R. Briscoe,14:45:05.705,R. Briscoe,1:02.137,4:15.026,20_PitStops_Race.PDF,4,1
2017,25_Road Atlanta,Road Atlanta,road-atlanta,2017-10-07,201710071105_Race,67,10 D. Mueller D. Mueller 1:03.276 10:33.250 | Ford Chip Ganassi Racing | Ford GT GTLM,5,15:36:51.473,R. Briscoe,15:37:56.131,S. Dixon,1:04.658,5:19.684,20_PitStops_Race.PDF,4,1
2017,25_Road Atlanta,Road Atlanta,road-atlanta,2017-10-07,201710071105_Race,67,10 D. Mueller D. Mueller 1:03.276 10:33.250 | Ford Chip Ganassi Racing | Ford GT GTLM,6,16:25:09.800,S. Dixon,16:26:07.175,S. Dixon,57.375,6:17.059,20_PitStops_Race.PDF,4,1
2017,25_Road Atlanta,Road Atlanta,road-atlanta,2017-10-07,201710071105_Race,67,10 D. Mueller D. Mueller 1:03.276 10:33.250 | Ford Chip Ganassi Racing | Ford GT GTLM,7,17:00:22.042,S. Dixon,17:01:18.432,S. Dixon,56.390,7:13.449,20_PitStops_Race.PDF,4,1
2017,25_Road Atlanta,Road Atlanta,road-atlanta,2017-10-07,201710071105_Race,67,10 D. Mueller D. Mueller 1:03.276 10:33.250 | Ford Chip Ganassi Racing | Ford GT GTLM,8,18:01:39.772,S. Dixon,18:02:49.146,R. Westbrook,1:09.374,8:22.823,20_PitStops_Race.PDF,4,1
2017,25_Road Atlanta,Road Atlanta,road-atlanta,2017-10-07,201710071105_Race,67,10 D. Mueller D. Mueller 1:03.276 10:33.250 | Ford Chip Ganassi Racing | Ford GT GTLM,9,18:57:20.383,R. Westbrook,18:58:28.088,R. Briscoe,1:07.705,9:30.528,20_PitStops_Race.PDF,4,1
2017,25_Road Atlanta,Road Atlanta,road-atlanta,2017-10-07,201710071105_Race,67,10 D. Mueller D. Mueller 1:03.276 10:33.250 | Ford Chip Ganassi Racing | Ford GT GTLM,10,20:13:27.830,R. Briscoe,20:14:33.831,R. Briscoe,1:06.001,10:36.529,20_PitStops_Race.PDF,4,1
2017,25_Road Atlanta,Road Atlanta,road-atlanta,2017-10-07,201710071105_Race,67,10 D. Mueller D. Mueller 1:03.276 10:33.250 | Ford Chip Ganassi Racing | Ford GT GTLM,11,20:43:58.832,R. Briscoe,20:46:12.688,R. Briscoe,2:13.856,12:50.385,20_PitStops_Race.PDF,4,1
2017,25_Road Atlanta,Road Atlanta,road-atlanta,2017-10-07,201710071105_Race,73,11 R. Briscoe R. Briscoe 2:13.856 12:50.385 | Park Place Motorsports | Porsche 911 GT3 R GTD,1,11:14:48.336,P. Lindsey,11:15:46.739,P. Lindsey,58.403,58.403,20_PitStops_Race.PDF,4,1
2017,25_Road Atlanta,Road Atlanta,road-atlanta,2017-10-07,201710071105_Race,73,11 R. Briscoe R. Briscoe 2:13.856 12:50.385 | Park Place Motorsports | Porsche 911 GT3 R GTD,2,12:29:16.955,P. Lindsey,12:30:36.388,M. McMurry,1:19.433,2:17.836,20_PitStops_Race.PDF,4,1
2017,25_Road Atlanta,Road Atlanta,road-atlanta,2017-10-07,201710071105_Race,73,11 R. Briscoe R. Briscoe 2:13.856 12:50.385 | Park Place Motorsports | Porsche 911 GT3 R GTD,3,13:38:10.136,M. McMurry,13:39:26.036,J. Bergmeister,1:15.900,3:33.736,20_PitStops_Race.PDF,4,1
2017,25_Road Atlanta,Road Atlanta,road-atlanta,2017-10-07,201710071105_Race,73,11 R. Briscoe R. Briscoe 2:13.856 12:50.385 | Park Place Motorsports | Porsche 911 GT3 R GTD,4,13:48:23.104,J. Bergmeister,13:49:09.766,J. Bergmeister,46.662,4:20.398,20_PitStops_Race.PDF,4,1
2017,25_Road Atlanta,Road Atlanta,road-atlanta,2017-10-07,201710071105_Race,73,11 R. Briscoe R. Briscoe 2:13.856 12:50.385 | Park Place Motorsports | Porsche 911 GT3 R GTD,5,14:44:18.376,J. Bergmeister,14:45:30.121,P. Lindsey,1:11.745,5:32.143,20_PitStops_Race.PDF,4,1
2017,25_Road Atlanta,Road Atlanta,road-atlanta,2017-10-07,201710071105_Race,73,11 R. Briscoe R. Briscoe 2:13.856 12:50.385 | Park Place Motorsports | Porsche 911 GT3 R GTD,6,15:43:39.322,P. Lindsey,15:44:52.853,M. McMurry,1:13.531,6:45.674,20_PitStops_Race.PDF,4,1
2017,25_Road Atlanta,Road Atlanta,road-atlanta,2017-10-07,201710071105_Race,73,11 R. Briscoe R. Briscoe 2:13.856 12:50.385 | Park Place Motorsports | Porsche 911 GT3 R GTD,7,16:25:20.866,M. McMurry,16:26:24.623,M. McMurry,1:03.757,7:49.431,20_PitStops_Race.PDF,4,1
2017,25_Road Atlanta,Road Atlanta,road-atlanta,2017-10-07,201710071105_Race,73,11 R. Briscoe R. Briscoe 2:13.856 12:50.385 | Park Place Motorsports | Porsche 911 GT3 R GTD,8,17:00:13.537,M. McMurry,17:01:10.138,J. Bergmeister,56.601,8:46.032,20_PitStops_Race.PDF,4,1
2017,25_Road Atlanta,Road Atlanta,road-atlanta,2017-10-07,201710071105_Race,73,11 R. Briscoe R. Briscoe 2:13.856 12:50.385 | Park Place Motorsports | Porsche 911 GT3 R GTD,9,18:05:30.427,J. Bergmeister,18:06:47.437,P. Lindsey,1:17.010,10:03.042,20_PitStops_Race.PDF,4,1
2017,25_Road Atlanta,Road Atlanta,road-atlanta,2017-10-07,201710071105_Race,73,11 R. Briscoe R. Briscoe 2:13.856 12:50.385 | Park Place Motorsports | Porsche 911 GT3 R GTD,10,19:08:09.330,P. Lindsey,19:09:24.459,M. McMurry,1:15.129,11:18.171,20_PitStops_Race.PDF,4,1
2017,25_Road Atlanta,Road Atlanta,road-atlanta,2017-10-07,201710071105_Race,73,11 R. Briscoe R. Briscoe 2:13.856 12:50.385 | Park Place Motorsports | Porsche 911 GT3 R GTD,11,20:10:13.845,M. McMurry,20:11:26.495,J. Bergmeister,1:12.650,12:30.821,20_PitStops_Race.PDF,4,1
2017,25_Road Atlanta,Road Atlanta,road-atlanta,2017-10-07,201710071105_Race,75,SunEnergy1 Racing | Mercedes-AMG GT3 GTD,1,11:14:54.124,D. von Moltke,11:15:52.982,D. von Moltke,58.858,58.858,20_PitStops_Race.PDF,4,2
2017,25_Road Atlanta,Road Atlanta,road-atlanta,2017-10-07,201710071105_Race,75,SunEnergy1 Racing | Mercedes-AMG GT3 GTD,2,11:31:19.513,D. von Moltke,11:32:43.697,K. Habul,1:24.184,2:23.042,20_PitStops_Race.PDF,4,2
2017,25_Road Atlanta,Road Atlanta,road-atlanta,2017-10-07,201710071105_Race,75,SunEnergy1 Racing | Mercedes-AMG GT3 GTD,3,12:29:18.519,K. Habul,12:31:14.116,K. Habul,1:55.597,4:18.639,20_PitStops_Race.PDF,4,2
2017,25_Road Atlanta,Road Atlanta,road-atlanta,2017-10-07,201710071105_Race,75,SunEnergy1 Racing | Mercedes-AMG GT3 GTD,4,13:35:37.907,K. Habul,13:37:05.198,T. Vautier,1:27.291,5:45.930,20_PitStops_Race.PDF,4,2
2017,25_Road Atlanta,Road Atlanta,road-atlanta,2017-10-07,201710071105_Race,75,SunEnergy1 Racing | Mercedes-AMG GT3 GTD,5,14:44:31.221,T. Vautier,14:46:01.609,D. von Moltke,1:30.388,7:16.318,20_PitStops_Race.PDF,4,2
2017,25_Road Atlanta,Road Atlanta,road-atlanta,2017-10-07,201710071105_Race,75,SunEnergy1 Racing | Mercedes-AMG GT3 GTD,6,15:23:16.651,D. von Moltke,15:44:54.400,D. von Moltke,21:37.749,28:54.067,20_PitStops_Race.PDF,4,2
2017,25_Road Atlanta,Road Atlanta,road-atlanta,2017-10-07,201710071105_Race,75,SunEnergy1 Racing | Mercedes-AMG GT3 GTD,7,15:52:00.331,D. von Moltke,16:17:11.061,D. von Moltke,25:10.730,54:04.797,20_PitStops_Race.PDF,4,2
2017,25_Road Atlanta,Road Atlanta,road-atlanta,2017-10-07,201710071105_Race,75,SunEnergy1 Racing | Mercedes-AMG GT3 GTD,8,16:25:27.009,D. von Moltke,16:27:04.379,D. von Moltke,1:37.370,55:42.167,20_PitStops_Race.PDF,4,2
2017,25_Road Atlanta,Road Atlanta,road-atlanta,2017-10-07,201710071105_Race,75,SunEnergy1 Racing | Mercedes-AMG GT3 GTD,9,17:00:19.633,D. von Moltke,17:01:59.183,D. von Moltke,1:39.550,57:21.717,20_PitStops_Race.PDF,4,2
2017,25_Road Atlanta,Road Atlanta,road-atlanta,2017-10-07,201710071105_Race,85,9 D. von Moltke D. von Moltke 1:39.550 57:21.717 | JDC-Miller Motorsports | ORECA LMP2 P,1,11:17:05.788,M. Goikhberg,11:18:04.803,M. Goikhberg,59.015,59.015,20_PitStops_Race.PDF,4,2
2017,25_Road Atlanta,Road Atlanta,road-atlanta,2017-10-07,201710071105_Race,85,9 D. von Moltke D. von Moltke 1:39.550 57:21.717 | JDC-Miller Motorsports | ORECA LMP2 P,2,12:05:10.117,M. Goikhberg,12:06:17.854,M. Goikhberg,1:07.737,2:06.752,20_PitStops_Race.PDF,4,2
2017,25_Road Atlanta,Road Atlanta,road-atlanta,2017-10-07,201710071105_Race,85,9 D. von Moltke D. von Moltke 1:39.550 57:21.717 | JDC-Miller Motorsports | ORECA LMP2 P,3,12:26:31.384,M. Goikhberg,12:27:32.228,S. Simpson,1:00.844,3:07.596,20_PitStops_Race.PDF,4,2
2017,25_Road Atlanta,Road Atlanta,road-atlanta,2017-10-07,201710071105_Race,85,9 D. von Moltke D. von Moltke 1:39.550 57:21.717 | JDC-Miller Motorsports | ORECA LMP2 P,4,13:22:19.331,S. Simpson,13:23:24.188,S. Simpson,1:04.857,4:12.453,20_PitStops_Race.PDF,4,2
2017,25_Road Atlanta,Road Atlanta,road-atlanta,2017-10-07,201710071105_Race,85,9 D. von Moltke D. von Moltke 1:39.550 57:21.717 | JDC-Miller Motorsports | ORECA LMP2 P,5,13:45:24.770,S. Simpson,13:46:19.508,S. Simpson,54.738,5:07.191,20_PitStops_Race.PDF,4,2
2017,25_Road Atlanta,Road Atlanta,road-atlanta,2017-10-07,201710071105_Race,85,9 D. von Moltke D. von Moltke 1:39.550 57:21.717 | JDC-Miller Motorsports | ORECA LMP2 P,6,14:30:59.145,S. Simpson,14:32:06.499,C. Miller,1:07.354,6:14.545,20_PitStops_Race.PDF,4,2
2017,25_Road Atlanta,Road Atlanta,road-atlanta,2017-10-07,201710071105_Race,85,9 D. von Moltke D. von Moltke 1:39.550 57:21.717 | JDC-Miller Motorsports | ORECA LMP2 P,7,15:09:58.829,C. Miller,15:10:31.152,C. Miller,32.323,6:46.868,20_PitStops_Race.PDF,4,2
2017,25_Road Atlanta,Road Atlanta,road-atlanta,2017-10-07,201710071105_Race,85,9 D. von Moltke D. von Moltke 1:39.550 57:21.717 | JDC-Miller Motorsports | ORECA LMP2 P,8,15:27:00.697,C. Miller,15:28:19.523,C. Miller,1:18.826,8:05.694,20_PitStops_Race.PDF,4,2
2017,25_Road Atlanta,Road Atlanta,road-atlanta,2017-10-07,201710071105_Race,85,9 D. von Moltke D. von Moltke 1:39.550 57:21.717 | JDC-Miller Motorsports | ORECA LMP2 P,9,16:22:12.948,C. Miller,16:23:33.227,M. Goikhberg,1:20.279,9:25.973,20_PitStops_Race.PDF,4,2
2017,25_Road Atlanta,Road Atlanta,road-atlanta,2017-10-07,201710071105_Race,85,9 D. von Moltke D. von Moltke 1:39.550 57:21.717 | JDC-Miller Motorsports | ORECA LMP2 P,10,16:57:20.493,M. Goikhberg,16:58:15.416,M. Goikhberg,54.923,10:20.896,20_PitStops_Race.PDF,4,2
2017,25_Road Atlanta,Road Atlanta,road-atlanta,2017-10-07,201710071105_Race,85,9 D. von Moltke D. von Moltke 1:39.550 57:21.717 | JDC-Miller Motorsports | ORECA LMP2 P,11,17:18:56.819,M. Goikhberg,17:20:42.369,M. Goikhberg,1:45.550,12:06.446,20_PitStops_Race.PDF,4,2
2017,25_Road Atlanta,Road Atlanta,road-atlanta,2017-10-07,201710071105_Race,85,9 D. von Moltke D. von Moltke 1:39.550 57:21.717 | JDC-Miller Motorsports | ORECA LMP2 P,12,17:26:46.311,M. Goikhberg,17:28:22.125,M. Goikhberg,1:35.814,13:42.260,20_PitStops_Race.PDF,4,2
2017,25_Road Atlanta,Road Atlanta,road-atlanta,2017-10-07,201710071105_Race,85,9 D. von Moltke D. von Moltke 1:39.550 57:21.717 | JDC-Miller Motorsports | ORECA LMP2 P,13,18:05:12.311,M. Goikhberg,18:06:28.228,C. Miller,1:15.917,14:58.177,20_PitStops_Race.PDF,4,2
2017,25_Road Atlanta,Road Atlanta,road-atlanta,2017-10-07,201710071105_Race,85,9 D. von Moltke D. von Moltke 1:39.550 57:21.717 | JDC-Miller Motorsports | ORECA LMP2 P,14,18:07:52.519,C. Miller,18:08:40.466,C. Miller,47.947,15:46.124,20_PitStops_Race.PDF,4,2
2017,25_Road Atlanta,Road Atlanta,road-atlanta,2017-10-07,201710071105_Race,85,9 D. von Moltke D. von Moltke 1:39.550 57:21.717 | JDC-Miller Motorsports | ORECA LMP2 P,15,18:47:42.157,C. Miller,18:48:49.755,C. Miller,1:07.598,16:53.722,20_PitStops_Race.PDF,4,2
2017,25_Road Atlanta,Road Atlanta,road-atlanta,2017-10-07,201710071105_Race,85,9 D. von Moltke D. von Moltke 1:39.550 57:21.717 | JDC-Miller Motorsports | ORECA LMP2 P,16,19:50:08.474,C. Miller,19:51:18.983,S. Simpson,1:10.509,18:04.231,20_PitStops_Race.PDF,4,2
2017,25_Road Atlanta,Road Atlanta,road-atlanta,2017-10-07,201710071105_Race,85,9 D. von Moltke D. von Moltke 1:39.550 57:21.717 | JDC-Miller Motorsports | ORECA LMP2 P,17,20:37:41.112,S. Simpson,20:38:45.761,S. Simpson,1:04.649,19:08.880,20_PitStops_Race.PDF,4,2
2017,25_Road Atlanta,Road Atlanta,road-atlanta,2017-10-07,201710071105_Race,86,17 S. Simpson S. Simpson 1:04.649 19:08.880 | Michael Shank Racing w/ Curb-Agajanian | Acura NSX GT3 GTD,1,11:14:47.731,O. Negri Jr.,11:16:55.523,O. Negri Jr.,2:07.792,2:07.792,20_PitStops_Race.PDF,4,2
2017,25_Road Atlanta,Road Atlanta,road-atlanta,2017-10-07,201710071105_Race,86,17 S. Simpson S. Simpson 1:04.649 19:08.880 | Michael Shank Racing w/ Curb-Agajanian | Acura NSX GT3 GTD,2,12:19:28.101,O. Negri Jr.,12:20:42.683,O. Negri Jr.,1:14.582,3:22.374,20_PitStops_Race.PDF,4,2
2017,25_Road Atlanta,Road Atlanta,road-atlanta,2017-10-07,201710071105_Race,86,17 S. Simpson S. Simpson 1:04.649 19:08.880 | Michael Shank Racing w/ Curb-Agajanian | Acura NSX GT3 GTD,3,13:28:05.477,O. Negri Jr.,13:29:30.863,J. Segal,1:25.386,4:47.760,20_PitStops_Race.PDF,4,2
2017,25_Road Atlanta,Road Atlanta,road-atlanta,2017-10-07,201710071105_Race,86,17 S. Simpson S. Simpson 1:04.649 19:08.880 | Michael Shank Racing w/ Curb-Agajanian | Acura NSX GT3 GTD,4,13:32:19.011,J. Segal,13:59:37.220,J. Segal,27:18.209,32:05.969,20_PitStops_Race.PDF,4,2
2017,25_Road Atlanta,Road Atlanta,road-atlanta,2017-10-07,201710071105_Race,86,17 S. Simpson S. Simpson 1:04.649 19:08.880 | Michael Shank Racing w/ Curb-Agajanian | Acura NSX GT3 GTD,5,14:44:25.160,J. Segal,14:45:33.647,J. Segal,1:08.487,33:14.456,20_PitStops_Race.PDF,4,2
2017,25_Road Atlanta,Road Atlanta,road-atlanta,2017-10-07,201710071105_Race,86,17 S. Simpson S. Simpson 1:04.649 19:08.880 | Michael Shank Racing w/ Curb-Agajanian | Acura NSX GT3 GTD,6,15:43:39.917,J. Segal,15:44:58.934,T. Dyer,1:19.017,34:33.473,20_PitStops_Race.PDF,4,2
2017,25_Road Atlanta,Road Atlanta,road-atlanta,2017-10-07,201710071105_Race,86,17 S. Simpson S. Simpson 1:04.649 19:08.880 | Michael Shank Racing w/ Curb-Agajanian | Acura NSX GT3 GTD,7,16:55:18.705,T. Dyer,16:56:03.197,T. Dyer,44.492,35:17.965,20_PitStops_Race.PDF,4,2
2017,25_Road Atlanta,Road Atlanta,road-atlanta,2017-10-07,201710071105_Race,86,17 S. Simpson S. Simpson 1:04.649 19:08.880 | Michael Shank Racing w/ Curb-Agajanian | Acura NSX GT3 GTD,8,17:02:56.714,T. Dyer,17:04:19.858,T. Dyer,1:23.144,36:41.109,20_PitStops_Race.PDF,4,2
2017,25_Road Atlanta,Road Atlanta,road-atlanta,2017-10-07,201710071105_Race,86,17 S. Simpson S. Simpson 1:04.649 19:08.880 | Michael Shank Racing w/ Curb-Agajanian | Acura NSX GT3 GTD,9,18:04:31.488,T. Dyer,18:05:47.259,O. Negri Jr.,1:15.771,37:56.880,20_PitStops_Race.PDF,4,2
2017,25_Road Atlanta,Road Atlanta,road-atlanta,2017-10-07,201710071105_Race,86,17 S. Simpson S. Simpson 1:04.649 19:08.880 | Michael Shank Racing w/ Curb-Agajanian | Acura NSX GT3 GTD,10,18:57:16.047,O. Negri Jr.,18:58:38.342,J. Segal,1:22.295,39:19.175,20_PitStops_Race.PDF,4,2
2017,25_Road Atlanta,Road Atlanta,road-atlanta,2017-10-07,201710071105_Race,90,10 O. Negri Jr. J. Segal 1:22.295 39:19.175 | Visit Florida Racing | Ligier LMP2 P,1,11:17:53.427,R. Van Der Zande,11:18:50.357,R. Van Der Zande,56.930,56.930,20_PitStops_Race.PDF,4,2
2017,25_Road Atlanta,Road Atlanta,road-atlanta,2017-10-07,201710071105_Race,90,10 O. Negri Jr. J. Segal 1:22.295 39:19.175 | Visit Florida Racing | Ligier LMP2 P,2,12:02:17.614,R. Van Der Zande,12:03:22.747,R. Van Der Zande,1:05.133,2:02.063,20_PitStops_Race.PDF,4,2
2017,25_Road Atlanta,Road Atlanta,road-atlanta,2017-10-07,201710071105_Race,90,10 O. Negri Jr. J. Segal 1:22.295 39:19.175 | Visit Florida Racing | Ligier LMP2 P,3,13:03:24.033,R. Van Der Zande,13:04:31.955,M. Goossens,1:07.922,3:09.985,20_PitStops_Race.PDF,4,2
2017,25_Road Atlanta,Road Atlanta,road-atlanta,2017-10-07,201710071105_Race,90,10 O. Negri Jr. J. Segal 1:22.295 39:19.175 | Visit Florida Racing | Ligier LMP2 P,4,13:45:25.995,M. Goossens,13:46:29.405,M. Goossens,1:03.410,4:13.395,20_PitStops_Race.PDF,4,2
2017,25_Road Atlanta,Road Atlanta,road-atlanta,2017-10-07,201710071105_Race,90,10 O. Negri Jr. J. Segal 1:22.295 39:19.175 | Visit Florida Racing | Ligier LMP2 P,5,14:31:08.395,M. Goossens,14:32:14.570,M. Goossens,1:06.175,5:19.570,20_PitStops_Race.PDF,4,2
2017,25_Road Atlanta,Road Atlanta,road-atlanta,2017-10-07,201710071105_Race,90,10 O. Negri Jr. J. Segal 1:22.295 39:19.175 | Visit Florida Racing | Ligier LMP2 P,6,15:27:32.279,M. Goossens,15:28:40.599,J. Bomarito,1:08.320,6:27.890,20_PitStops_Race.PDF,4,2
2017,25_Road Atlanta,Road Atlanta,road-atlanta,2017-10-07,201710071105_Race,90,10 O. Negri Jr. J. Segal 1:22.295 39:19.175 | Visit Florida Racing | Ligier LMP2 P,7,16:15:16.923,J. Bomarito,16:16:23.757,J. Bomarito,1:06.834,7:34.724,20_PitStops_Race.PDF,4,2
2017,25_Road Atlanta,Road Atlanta,road-atlanta,2017-10-07,201710071105_Race,90,10 O. Negri Jr. J. Segal 1:22.295 39:19.175 | Visit Florida Racing | Ligier LMP2 P,8,16:57:19.918,J. Bomarito,16:58:35.969,J. Bomarito,1:16.051,8:50.775,20_PitStops_Race.PDF,4,2
2017,25_Road Atlanta,Road Atlanta,road-atlanta,2017-10-07,201710071105_Race,90,10 O. Negri Jr. J. Segal 1:22.295 39:19.175 | Visit Florida Racing | Ligier LMP2 P,9,17:45:32.396,J. Bomarito,17:46:40.055,M. Goossens,1:07.659,9:58.434,20_PitStops_Race.PDF,4,2
2017,25_Road Atlanta,Road Atlanta,road-atlanta,2017-10-07,201710071105_Race,90,10 O. Negri Jr. J. Segal 1:22.295 39:19.175 | Visit Florida Racing | Ligier LMP2 P,10,18:25:55.554,M. Goossens,18:27:03.588,M. Goossens,1:08.034,11:06.468,20_PitStops_Race.PDF,4,2
2017,25_Road Atlanta,Road Atlanta,road-atlanta,2017-10-07,201710071105_Race,90,10 O. Negri Jr. J. Segal 1:22.295 39:19.175 | Visit Florida Racing | Ligier LMP2 P,11,19:11:29.928,M. Goossens,19:12:37.855,R. Van Der Zande,1:07.927,12:14.395,20_PitStops_Race.PDF,4,2
2017,25_Road Atlanta,Road Atlanta,road-atlanta,2017-10-07,201710071105_Race,90,10 O. Negri Jr. J. Segal 1:22.295 39:19.175 | Visit Florida Racing | Ligier LMP2 P,12,19:35:03.698,R. Van Der Zande,19:35:49.099,R. Van Der Zande,45.401,12:59.796,20_PitStops_Race.PDF,4,2
2017,25_Road Atlanta,Road Atlanta,road-atlanta,2017-10-07,201710071105_Race,90,10 O. Negri Jr. J. Segal 1:22.295 39:19.175 | Visit Florida Racing | Ligier LMP2 P,13,20:13:34.180,R. Van Der Zande,20:14:42.747,R. Van Der Zande,1:08.567,14:08.363,20_PitStops_Race.PDF,4,2
2017,25_Road Atlanta,Road Atlanta,road-atlanta,2017-10-07,201710071105_Race,90,10 O. Negri Jr. J. Segal 1:22.295 39:19.175 | Visit Florida Racing | Ligier LMP2 P,14,20:25:15.411,R. Van Der Zande,20:26:03.119,R. Van Der Zande,47.708,14:56.071,20_PitStops_Race.PDF,4,2
2017,25_Road Atlanta,Road Atlanta,road-atlanta,2017-10-07,201710071105_Race,93,Michael Shank Racing w/ Curb-Agajanian | Acura NSX GT3 GTD,1,11:14:33.500,A. Lally,11:15:32.750,A. Lally,59.250,59.250,20_PitStops_Race.PDF,5,1
2017,25_Road Atlanta,Road Atlanta,road-atlanta,2017-10-07,201710071105_Race,93,Michael Shank Racing w/ Curb-Agajanian | Acura NSX GT3 GTD,2,12:14:53.219,A. Lally,12:16:05.171,A. Lally,1:11.952,2:11.202,20_PitStops_Race.PDF,5,1
2017,25_Road Atlanta,Road Atlanta,road-atlanta,2017-10-07,201710071105_Race,93,Michael Shank Racing w/ Curb-Agajanian | Acura NSX GT3 GTD,3,13:30:20.208,A. Lally,13:31:33.416,K. Legge,1:13.208,3:24.410,20_PitStops_Race.PDF,5,1
2017,25_Road Atlanta,Road Atlanta,road-atlanta,2017-10-07,201710071105_Race,93,Michael Shank Racing w/ Curb-Agajanian | Acura NSX GT3 GTD,4,14:21:50.948,K. Legge,14:22:56.594,K. Legge,1:05.646,4:30.056,20_PitStops_Race.PDF,5,1
2017,25_Road Atlanta,Road Atlanta,road-atlanta,2017-10-07,201710071105_Race,93,Michael Shank Racing w/ Curb-Agajanian | Acura NSX GT3 GTD,5,15:21:11.939,K. Legge,15:22:21.651,M. Wilkins,1:09.712,5:39.768,20_PitStops_Race.PDF,5,1
2017,25_Road Atlanta,Road Atlanta,road-atlanta,2017-10-07,201710071105_Race,93,Michael Shank Racing w/ Curb-Agajanian | Acura NSX GT3 GTD,6,16:25:16.665,M. Wilkins,16:26:26.775,M. Wilkins,1:10.110,6:49.878,20_PitStops_Race.PDF,5,1
2017,25_Road Atlanta,Road Atlanta,road-atlanta,2017-10-07,201710071105_Race,96,6 M. Wilkins M. Wilkins 1:10.110 6:49.878 | Turner Motorsport | BMW M6 GT3 GTD,1,11:13:08.316,J. Krohn,11:14:10.452,J. Krohn,1:02.136,1:02.136,20_PitStops_Race.PDF,5,1
2017,25_Road Atlanta,Road Atlanta,road-atlanta,2017-10-07,201710071105_Race,96,6 M. Wilkins M. Wilkins 1:10.110 6:49.878 | Turner Motorsport | BMW M6 GT3 GTD,2,12:17:59.951,J. Krohn,12:19:17.057,J. Marks,1:17.106,2:19.242,20_PitStops_Race.PDF,5,1
2017,25_Road Atlanta,Road Atlanta,road-atlanta,2017-10-07,201710071105_Race,96,6 M. Wilkins M. Wilkins 1:10.110 6:49.878 | Turner Motorsport | BMW M6 GT3 GTD,3,13:34:58.556,J. Marks,13:36:14.742,J. Marks,1:16.186,3:35.428,20_PitStops_Race.PDF,5,1
2017,25_Road Atlanta,Road Atlanta,road-atlanta,2017-10-07,201710071105_Race,96,6 M. Wilkins M. Wilkins 1:10.110 6:49.878 | Turner Motorsport | BMW M6 GT3 GTD,4,14:31:42.992,J. Marks,14:32:50.474,J. Krohn,1:07.482,4:42.910,20_PitStops_Race.PDF,5,1
2017,25_Road Atlanta,Road Atlanta,road-atlanta,2017-10-07,201710071105_Race,96,6 M. Wilkins M. Wilkins 1:10.110 6:49.878 | Turner Motorsport | BMW M6 GT3 GTD,5,15:43:27.422,J. Krohn,15:44:49.600,J. Krohn,1:22.178,6:05.088,20_PitStops_Race.PDF,5,1
2017,25_Road Atlanta,Road Atlanta,road-atlanta,2017-10-07,201710071105_Race,96,6 M. Wilkins M. Wilkins 1:10.110 6:49.878 | Turner Motorsport | BMW M6 GT3 GTD,6,15:54:34.323,J. Krohn,16:09:45.373,J. Krohn,15:11.050,21:16.138,20_PitStops_Race.PDF,5,1
2017,25_Road Atlanta,Road Atlanta,road-atlanta,2017-10-07,201710071105_Race,96,6 M. Wilkins M. Wilkins 1:10.110 6:49.878 | Turner Motorsport | BMW M6 GT3 GTD,7,16:32:14.603,J. Krohn,16:34:10.499,J. Klingmann,1:55.896,23:12.034,20_PitStops_Race.PDF,5,1
2017,25_Road Atlanta,Road Atlanta,road-atlanta,2017-10-07,201710071105_Race,96,6 M. Wilkins M. Wilkins 1:10.110 6:49.878 | Turner Motorsport | BMW M6 GT3 GTD,8,16:38:19.644,J. Klingmann,17:16:32.670,J. Klingmann,38:13.026,1:01:25.060,20_PitStops_Race.PDF,5,1
2017,25_Road Atlanta,Road Atlanta,road-atlanta,2017-10-07,201710071105_Race,96,6 M. Wilkins M. Wilkins 1:10.110 6:49.878 | Turner Motorsport | BMW M6 GT3 GTD,9,17:25:29.656,J. Klingmann,17:27:13.816,J. Klingmann,1:44.160,1:03:09.220,20_PitStops_Race.PDF,5,1
2017,25_Road Atlanta,Road Atlanta,road-atlanta,2017-10-07,201710071105_Race,96,6 M. Wilkins M. Wilkins 1:10.110 6:49.878 | Turner Motorsport | BMW M6 GT3 GTD,10,17:29:56.709,J. Klingmann,17:30:38.861,J. Klingmann,42.152,1:03:51.372,20_PitStops_Race.PDF,5,1
2017,25_Road Atlanta,Road Atlanta,road-atlanta,2017-10-07,201710071105_Race,96,6 M. Wilkins M. Wilkins 1:10.110 6:49.878 | Turner Motorsport | BMW M6 GT3 GTD,11,17:38:50.305,J. Klingmann,17:40:44.172,J. Klingmann,1:53.867,1:05:45.239,20_PitStops_Race.PDF,5,1
2017,25_Road Atlanta,Road Atlanta,road-atlanta,2017-10-07,201710071105_Race,911,11 J. Klingmann J. Klingmann 1:53.867 | Porsche GT Team | Porsche 911 RSR GTLM,1,11:17:16.913,P. Pilet,11:18:10.665,P. Pilet,53.752,53.752,20_PitStops_Race.PDF,5,1
2017,25_Road Atlanta,Road Atlanta,road-atlanta,2017-10-07,201710071105_Race,911,11 J. Klingmann J. Klingmann 1:53.867 | Porsche GT Team | Porsche 911 RSR GTLM,2,12:17:53.463,P. Pilet,12:18:59.149,P. Pilet,1:05.686,1:59.438,20_PitStops_Race.PDF,5,1
2017,25_Road Atlanta,Road Atlanta,road-atlanta,2017-10-07,201710071105_Race,911,11 J. Klingmann J. Klingmann 1:53.867 | Porsche GT Team | Porsche 911 RSR GTLM,3,13:25:22.306,P. Pilet,13:26:25.732,N. Tandy,1:03.426,3:02.864,20_PitStops_Race.PDF,5,1
2017,25_Road Atlanta,Road Atlanta,road-atlanta,2017-10-07,201710071105_Race,911,11 J. Klingmann J. Klingmann 1:53.867 | Porsche GT Team | Porsche 911 RSR GTLM,4,13:48:11.831,N. Tandy,13:48:56.812,N. Tandy,44.981,3:47.845,20_PitStops_Race.PDF,5,1
2017,25_Road Atlanta,Road Atlanta,road-atlanta,2017-10-07,201710071105_Race,911,11 J. Klingmann J. Klingmann 1:53.867 | Porsche GT Team | Porsche 911 RSR GTLM,5,14:33:08.294,N. Tandy,14:34:07.393,N. Tandy,59.099,4:46.944,20_PitStops_Race.PDF,5,1
2017,25_Road Atlanta,Road Atlanta,road-atlanta,2017-10-07,201710071105_Race,911,11 J. Klingmann J. Klingmann 1:53.867 | Porsche GT Team | Porsche 911 RSR GTLM,6,15:36:49.546,N. Tandy,15:38:02.907,D. Werner,1:13.361,6:00.305,20_PitStops_Race.PDF,5,1
2017,25_Road Atlanta,Road Atlanta,road-atlanta,2017-10-07,201710071105_Race,911,11 J. Klingmann J. Klingmann 1:53.867 | Porsche GT Team | Porsche 911 RSR GTLM,7,16:25:06.948,D. Werner,16:26:03.988,D. Werner,57.040,6:57.345,20_PitStops_Race.PDF,5,1
2017,25_Road Atlanta,Road Atlanta,road-atlanta,2017-10-07,201710071105_Race,911,11 J. Klingmann J. Klingmann 1:53.867 | Porsche GT Team | Porsche 911 RSR GTLM,8,17:00:26.570,D. Werner,17:02:28.205,P. Pilet,2:01.635,8:58.980,20_PitStops_Race.PDF,5,1
2017,25_Road Atlanta,Road Atlanta,road-atlanta,2017-10-07,201710071105_Race,911,11 J. Klingmann J. Klingmann 1:53.867 | Porsche GT Team | Porsche 911 RSR GTLM,9,17:56:22.024,P. Pilet,17:57:25.783,P. Pilet,1:03.759,10:02.739,20_PitStops_Race.PDF,5,1
2017,25_Road Atlanta,Road Atlanta,road-atlanta,2017-10-07,201710071105_Race,911,11 J. Klingmann J. Klingmann 1:53.867 | Porsche GT Team | Porsche 911 RSR GTLM,10,18:53:27.341,P. Pilet,18:54:36.563,N. Tandy,1:09.222,11:11.961,20_PitStops_Race.PDF,5,1
2017,25_Road Atlanta,Road Atlanta,road-atlanta,2017-10-07,201710071105_Race,911,11 J. Klingmann J. Klingmann 1:53.867 | Porsche GT Team | Porsche 911 RSR GTLM,11,19:11:43.011,N. Tandy,19:12:25.277,N. Tandy,42.266,11:54.227,20_PitStops_Race.PDF,5,1
2017,25_Road Atlanta,Road Atlanta,road-atlanta,2017-10-07,201710071105_Race,911,11 J. Klingmann J. Klingmann 1:53.867 | Porsche GT Team | Porsche 911 RSR GTLM,12,20:11:13.674,N. Tandy,20:12:16.351,N. Tandy,1:02.677,12:56.904,20_PitStops_Race.PDF,5,1
2017,25_Road Atlanta,Road Atlanta,road-atlanta,2017-10-07,201710071105_Race,912,12 N. Tandy N. Tandy 1:02.677 12:56.904 | Porsche GT Team | Porsche 911 RSR GTLM,1,11:18:48.584,G. Bruni,11:19:41.333,G. Bruni,52.749,52.749,20_PitStops_Race.PDF,5,1
2017,25_Road Atlanta,Road Atlanta,road-atlanta,2017-10-07,201710071105_Race,912,12 N. Tandy N. Tandy 1:02.677 12:56.904 | Porsche GT Team | Porsche 911 RSR GTLM,2,12:05:43.276,G. Bruni,12:06:42.051,G. Bruni,58.775,1:51.524,20_PitStops_Race.PDF,5,1
2017,25_Road Atlanta,Road Atlanta,road-atlanta,2017-10-07,201710071105_Race,912,12 N. Tandy N. Tandy 1:02.677 12:56.904 | Porsche GT Team | Porsche 911 RSR GTLM,3,12:29:26.230,G. Bruni,12:32:42.462,G. Bruni,3:16.232,5:07.756,20_PitStops_Race.PDF,5,1
2017,25_Road Atlanta,Road Atlanta,road-atlanta,2017-10-07,201710071105_Race,912,12 N. Tandy N. Tandy 1:02.677 12:56.904 | Porsche GT Team | Porsche 911 RSR GTLM,4,13:51:30.213,G. Bruni,13:52:45.256,L. Vanthoor,1:15.043,6:22.799,20_PitStops_Race.PDF,5,1
2017,25_Road Atlanta,Road Atlanta,road-atlanta,2017-10-07,201710071105_Race,912,12 N. Tandy N. Tandy 1:02.677 12:56.904 | Porsche GT Team | Porsche 911 RSR GTLM,5,14:32:04.538,L. Vanthoor,14:33:05.146,L. Vanthoor,1:00.608,7:23.407,20_PitStops_Race.PDF,5,1
2017,25_Road Atlanta,Road Atlanta,road-atlanta,2017-10-07,201710071105_Race,912,12 N. Tandy N. Tandy 1:02.677 12:56.904 | Porsche GT Team | Porsche 911 RSR GTLM,6,15:43:40.695,L. Vanthoor,15:44:47.960,E. Bamber,1:07.265,8:30.672,20_PitStops_Race.PDF,5,1
2017,25_Road Atlanta,Road Atlanta,road-atlanta,2017-10-07,201710071105_Race,912,12 N. Tandy N. Tandy 1:02.677 12:56.904 | Porsche GT Team | Porsche 911 RSR GTLM,7,16:25:09.236,E. Bamber,16:26:03.534,E. Bamber,54.298,9:24.970,20_PitStops_Race.PDF,5,1
2017,25_Road Atlanta,Road Atlanta,road-atlanta,2017-10-07,201710071105_Race,912,12 N. Tandy N. Tandy 1:02.677 12:56.904 | Porsche GT Team | Porsche 911 RSR GTLM,8,17:00:18.623,E. Bamber,17:01:12.047,E. Bamber,53.424,10:18.394,20_PitStops_Race.PDF,5,1
2017,25_Road Atlanta,Road Atlanta,road-atlanta,2017-10-07,201710071105_Race,912,12 N. Tandy N. Tandy 1:02.677 12:56.904 | Porsche GT Team | Porsche 911 RSR GTLM,9,18:04:11.587,E. Bamber,18:05:18.587,G. Bruni,1:07.000,11:25.394,20_PitStops_Race.PDF,5,1
2017,25_Road Atlanta,Road Atlanta,road-atlanta,2017-10-07,201710071105_Race,912,12 N. Tandy N. Tandy 1:02.677 12:56.904 | Porsche GT Team | Porsche 911 RSR GTLM,10,19:08:13.357,G. Bruni,19:09:21.357,L. Vanthoor,1:08.000,12:33.394,20_PitStops_Race.PDF,5,1
2017,25_Road Atlanta,Road Atlanta,road-atlanta,2017-10-07,201710071105_Race,912,12 N. Tandy N. Tandy 1:02.677 12:56.904 | Porsche GT Team | Porsche 911 RSR GTLM,11,20:12:18.577,L. Vanthoor,20:13:23.510,L. Vanthoor,1:04.933,13:38.327,20_PitStops_Race.PDF,5,1
